"last_name, first_name",mlbam_id,year,pa,bip,ba,est_ba,est_ba_minus_ba_diff,slg,est_slg,est_slg_minus_slg_diff,woba,est_woba,est_woba_minus_woba_diff,name,fetched
"Crow-Armstrong, Pete",691718,2026,659,399,0.281,0.262,0.019,0.572,0.504,0.0679999999999999,0.402,0.373,0.029,Pete Crow-Armstrong,2026-09-11
"Bregman, Alex",608324,2026,657,477,0.26,0.246,0.014,0.44,0.377,0.063,0.346,0.318,0.0279999999999999,Alex Bregman,2026-09-11
"Herrera, Iván",671056,2026,656,439,0.249,0.25,-0.001,0.384,0.379,0.005,0.334,0.332,0.002,Iván Herrera,2026-09-11
"Busch, Michael",683737,2026,647,404,0.235,0.23,0.0049999999999999,0.388,0.397,-0.009,0.328,0.329,-0.001,Michael Busch,2026-09-11
"Henderson, Gunnar",683002,2026,647,437,0.219,0.241,-0.0219999999999999,0.395,0.389,0.006,0.307,0.314,-0.007,Gunnar Henderson,2026-09-11
"Reynolds, Bryan",668804,2026,640,400,0.264,0.258,0.006,0.426,0.455,-0.029,0.352,0.36,-0.008,Bryan Reynolds,2026-09-11
"Caminero, Junior",691406,2026,639,444,0.28,0.273,0.007,0.53,0.494,0.036,0.38,0.363,0.017,Junior Caminero,2026-09-11
"Alonso, Pete",624413,2026,637,400,0.268,0.284,-0.0159999999999999,0.498,0.543,-0.045,0.371,0.394,-0.023,Pete Alonso,2026-09-11
"Alvarez, Yordan",670541,2026,636,414,0.311,0.32,-0.009,0.591,0.642,-0.051,0.422,0.443,-0.021,Yordan Alvarez,2026-09-11
"McGonigle, Kevin",805808,2026,635,459,0.273,0.26,0.013,0.42,0.432,-0.012,0.353,0.35,0.003,Kevin McGonigle,2026-09-11
"Olson, Matt",621566,2026,635,410,0.249,0.247,0.002,0.503,0.506,-0.003,0.352,0.354,-0.002,Matt Olson,2026-09-11
"Vargas, Miguel",678246,2026,634,424,0.248,0.266,-0.018,0.477,0.503,-0.026,0.362,0.381,-0.019,Miguel Vargas,2026-09-11
"Tatis Jr., Fernando",665487,2026,634,457,0.284,0.297,-0.013,0.449,0.487,-0.0379999999999999,0.347,0.374,-0.027,Fernando Tatis Jr.,2026-09-11
"Turner, Trea",607208,2026,632,453,0.241,0.243,-0.002,0.388,0.369,0.019,0.299,0.293,0.006,Trea Turner,2026-09-11
"Schwarber, Kyle",656941,2026,632,329,0.241,0.241,0.0,0.527,0.504,0.023,0.376,0.368,0.008,Kyle Schwarber,2026-09-11
"Stewart, Sal",701398,2026,632,434,0.267,0.258,0.009,0.478,0.48,-0.002,0.35,0.351,-0.001,Sal Stewart,2026-09-11
"Neto, Zach",687263,2026,630,371,0.244,0.215,0.0289999999999999,0.443,0.41,0.033,0.335,0.311,0.024,Zach Neto,2026-09-11
"Díaz, Yandy",650490,2026,629,478,0.305,0.289,0.016,0.471,0.452,0.0189999999999999,0.365,0.355,0.01,Yandy Díaz,2026-09-11
"Hoerner, Nico",663538,2026,628,524,0.266,0.3,-0.0339999999999999,0.358,0.378,-0.02,0.301,0.324,-0.023,Nico Hoerner,2026-09-11
"Harper, Bryce",547180,2026,626,390,0.269,0.276,-0.007,0.492,0.495,-0.003,0.381,0.389,-0.008,Bryce Harper,2026-09-11
"Devers, Rafael",646240,2026,624,395,0.258,0.238,0.02,0.518,0.471,0.047,0.365,0.341,0.0239999999999999,Rafael Devers,2026-09-11
"Abreu, Wilyer",677800,2026,624,426,0.256,0.254,0.002,0.465,0.473,-0.0079999999999999,0.346,0.35,-0.004,Wilyer Abreu,2026-09-11
"Albies, Ozzie",645277,2026,622,482,0.249,0.23,0.0189999999999999,0.411,0.353,0.0579999999999999,0.311,0.284,0.027,Ozzie Albies,2026-09-11
"Lopez, Otto",672640,2026,622,502,0.303,0.281,0.0219999999999999,0.441,0.42,0.021,0.34,0.326,0.014,Otto Lopez,2026-09-11
"Bichette, Bo",666182,2026,622,464,0.265,0.279,-0.014,0.399,0.419,-0.0199999999999999,0.314,0.328,-0.014,Bo Bichette,2026-09-11
"Burleson, Alec",676475,2026,618,454,0.283,0.291,-0.008,0.467,0.523,-0.0559999999999999,0.354,0.377,-0.023,Alec Burleson,2026-09-11
"Aranda, Jonathan",666018,2026,617,398,0.277,0.26,0.017,0.426,0.445,-0.019,0.346,0.348,-0.002,Jonathan Aranda,2026-09-11
"Turang, Brice",668930,2026,617,382,0.257,0.252,0.005,0.425,0.416,0.009,0.344,0.338,0.0059999999999999,Brice Turang,2026-09-11
"Perdomo, Geraldo",672695,2026,612,448,0.25,0.256,-0.006,0.365,0.344,0.021,0.326,0.326,0.0,Geraldo Perdomo,2026-09-11
"Walker, Jordan",691023,2026,611,408,0.281,0.268,0.013,0.489,0.471,0.018,0.357,0.345,0.012,Jordan Walker,2026-09-11
"Carroll, Corbin",682998,2026,608,396,0.24,0.249,-0.009,0.466,0.443,0.023,0.345,0.343,0.0019999999999999,Corbin Carroll,2026-09-11
"Machado, Manny",592518,2026,607,405,0.224,0.251,-0.0269999999999999,0.414,0.431,-0.017,0.318,0.337,-0.019,Manny Machado,2026-09-11
"Rice, Ben",700250,2026,604,377,0.256,0.264,-0.008,0.515,0.507,0.008,0.372,0.373,-0.001,Ben Rice,2026-09-11
"Arraez, Luis",650333,2026,603,543,0.318,0.29,0.028,0.43,0.381,0.0489999999999999,0.337,0.307,0.03,Luis Arraez,2026-09-11
"Lile, Daylen",695734,2026,603,441,0.249,0.258,-0.009,0.431,0.443,-0.012,0.317,0.327,-0.01,Daylen Lile,2026-09-11
"Arozarena, Randy",668227,2026,602,387,0.272,0.258,0.014,0.461,0.417,0.044,0.367,0.347,0.02,Randy Arozarena,2026-09-11
"Freeman, Freddie",518692,2026,600,429,0.297,0.293,0.004,0.453,0.474,-0.0209999999999999,0.362,0.369,-0.007,Freddie Freeman,2026-09-11
"Abrams, CJ",682928,2026,600,386,0.259,0.241,0.018,0.49,0.423,0.067,0.355,0.327,0.0279999999999999,CJ Abrams,2026-09-11
"Merrill, Jackson",701538,2026,600,416,0.245,0.266,-0.021,0.431,0.488,-0.0569999999999999,0.314,0.345,-0.0309999999999999,Jackson Merrill,2026-09-11
"Lowe, Brandon",664040,2026,600,369,0.258,0.237,0.021,0.477,0.424,0.0529999999999999,0.346,0.322,0.0239999999999999,Brandon Lowe,2026-09-11
"Nimmo, Brandon",607043,2026,597,415,0.261,0.274,-0.013,0.411,0.46,-0.049,0.323,0.348,-0.0249999999999999,Brandon Nimmo,2026-09-11
"Ohtani, Shohei",660271,2026,596,363,0.277,0.288,-0.0109999999999999,0.522,0.554,-0.032,0.381,0.399,-0.018,Shohei Ohtani,2026-09-11
"Ward, Taylor",621493,2026,595,364,0.225,0.242,-0.0169999999999999,0.314,0.362,-0.0479999999999999,0.313,0.335,-0.022,Taylor Ward,2026-09-11
"Paredes, Isaac",670623,2026,595,434,0.26,0.246,0.014,0.425,0.367,0.0579999999999999,0.349,0.322,0.0269999999999999,Isaac Paredes,2026-09-11
"Adell, Jo",666176,2026,595,405,0.239,0.256,-0.017,0.397,0.437,-0.0399999999999999,0.304,0.325,-0.021,Jo Adell,2026-09-11
"Rodríguez, Julio",677594,2026,590,409,0.239,0.264,-0.025,0.395,0.443,-0.0479999999999999,0.304,0.335,-0.031,Julio Rodríguez,2026-09-11
"Wetherholt, JJ",802139,2026,586,412,0.242,0.256,-0.014,0.37,0.438,-0.068,0.322,0.351,-0.0289999999999999,JJ Wetherholt,2026-09-11
"Meidroth, Chase",805367,2026,586,394,0.267,0.233,0.034,0.39,0.331,0.059,0.327,0.292,0.035,Chase Meidroth,2026-09-11
"Contreras, William",661388,2026,586,440,0.271,0.26,0.011,0.41,0.438,-0.028,0.328,0.333,-0.005,William Contreras,2026-09-11
"Happ, Ian",664023,2026,585,325,0.219,0.206,0.013,0.412,0.393,0.0189999999999999,0.325,0.313,0.012,Ian Happ,2026-09-11
"Naylor, Josh",647304,2026,584,461,0.265,0.271,-0.006,0.359,0.382,-0.023,0.303,0.312,-0.009,Josh Naylor,2026-09-11
"Young, Cole",702284,2026,583,432,0.248,0.261,-0.013,0.384,0.39,-0.006,0.308,0.315,-0.007,Cole Young,2026-09-11
"Benge, Carson",701807,2026,582,403,0.272,0.275,-0.003,0.409,0.425,-0.016,0.329,0.334,-0.005,Carson Benge,2026-09-11
"Montgomery, Colson",695657,2026,582,321,0.209,0.208,0.001,0.432,0.411,0.021,0.313,0.303,0.01,Colson Montgomery,2026-09-11
"Walker, Christian",572233,2026,579,390,0.228,0.228,0.0,0.424,0.389,0.0349999999999999,0.317,0.303,0.014,Christian Walker,2026-09-11
"Rumfield, TJ",681198,2026,578,421,0.295,0.259,0.0359999999999999,0.453,0.387,0.066,0.372,0.334,0.0379999999999999,TJ Rumfield,2026-09-11
"Okamoto, Kazuma",672960,2026,576,349,0.232,0.221,0.011,0.451,0.439,0.012,0.329,0.322,0.007,Kazuma Okamoto,2026-09-11
"Perez, Salvador",521692,2026,574,427,0.228,0.244,-0.0159999999999999,0.383,0.43,-0.0469999999999999,0.284,0.31,-0.026,Salvador Perez,2026-09-11
"Edwards, Xavier",669364,2026,574,432,0.282,0.261,0.0209999999999999,0.376,0.361,0.015,0.327,0.313,0.014,Xavier Edwards,2026-09-11
"Kwan, Steven",680757,2026,573,438,0.275,0.271,0.004,0.336,0.335,0.001,0.324,0.321,0.003,Steven Kwan,2026-09-11
"Suzuki, Seiya",673548,2026,573,356,0.267,0.246,0.021,0.475,0.425,0.0499999999999999,0.366,0.339,0.0269999999999999,Seiya Suzuki,2026-09-11
"Riley, Austin",663586,2026,573,338,0.223,0.212,0.011,0.364,0.392,-0.028,0.292,0.296,-0.004,Austin Riley,2026-09-11
"Bell, Josh",605137,2026,571,407,0.256,0.256,0.0,0.425,0.448,-0.023,0.326,0.335,-0.009,Josh Bell,2026-09-11
"Clement, Ernie",676391,2026,570,492,0.273,0.246,0.027,0.382,0.322,0.06,0.299,0.263,0.0359999999999999,Ernie Clement,2026-09-11
"Duran, Jarren",680776,2026,569,370,0.207,0.236,-0.0289999999999999,0.367,0.394,-0.027,0.273,0.301,-0.0279999999999999,Jarren Duran,2026-09-11
"Rafaela, Ceddanne",678882,2026,569,425,0.282,0.247,0.0349999999999999,0.443,0.358,0.085,0.33,0.282,0.048,Ceddanne Rafaela,2026-09-11
"De La Cruz, Elly",682829,2026,567,350,0.283,0.282,0.001,0.511,0.502,0.009,0.377,0.374,0.003,Elly De La Cruz,2026-09-11
"Witt Jr., Bobby",677951,2026,567,408,0.282,0.305,-0.023,0.454,0.516,-0.062,0.351,0.385,-0.034,Bobby Witt Jr.,2026-09-11
"Trout, Mike",545361,2026,566,319,0.244,0.253,-0.009,0.425,0.485,-0.06,0.351,0.375,-0.024,Mike Trout,2026-09-11
"Wood, James",695578,2026,566,307,0.266,0.275,-0.009,0.527,0.576,-0.0489999999999999,0.392,0.415,-0.0229999999999999,James Wood,2026-09-11
"Bohm, Alec",664761,2026,565,434,0.246,0.259,-0.013,0.391,0.409,-0.0179999999999999,0.307,0.322,-0.015,Alec Bohm,2026-09-11
"Lee, Brooks",686797,2026,564,437,0.248,0.226,0.0219999999999999,0.435,0.351,0.084,0.318,0.276,0.0419999999999999,Brooks Lee,2026-09-11
"Gonzales, Nick",693304,2026,564,422,0.305,0.282,0.023,0.393,0.387,0.006,0.34,0.326,0.014,Nick Gonzales,2026-09-11
"Dingler, Dillon",693307,2026,563,386,0.246,0.261,-0.015,0.456,0.461,-0.005,0.331,0.34,-0.009,Dillon Dingler,2026-09-11
"Tucker, Kyle",663656,2026,563,391,0.225,0.252,-0.0269999999999999,0.361,0.381,-0.02,0.307,0.326,-0.019,Kyle Tucker,2026-09-11
"Simpson, Chandler",802415,2026,561,489,0.308,0.259,0.0489999999999999,0.358,0.296,0.062,0.307,0.264,0.0429999999999999,Chandler Simpson,2026-09-11
"Harris II, Michael",671739,2026,560,426,0.286,0.285,0.001,0.485,0.473,0.012,0.343,0.339,0.004,Michael Harris II,2026-09-11
"Marsee, Jakob",805300,2026,559,361,0.224,0.232,-0.008,0.341,0.329,0.012,0.312,0.311,0.001,Jakob Marsee,2026-09-11
"Guerrero Jr., Vladimir",665489,2026,558,432,0.26,0.285,-0.0249999999999999,0.352,0.403,-0.051,0.303,0.333,-0.03,Vladimir Guerrero Jr.,2026-09-11
"Burger, Jake",669394,2026,558,356,0.237,0.235,0.002,0.433,0.429,0.004,0.323,0.32,0.003,Jake Burger,2026-09-11
"Dubón, Mauricio",643289,2026,558,456,0.264,0.269,-0.005,0.383,0.376,0.007,0.304,0.304,0.0,Mauricio Dubón,2026-09-11
"Marte, Ketel",606466,2026,556,423,0.251,0.276,-0.025,0.443,0.46,-0.017,0.329,0.348,-0.0189999999999999,Ketel Marte,2026-09-11
"Keaschall, Luke",807712,2026,553,398,0.274,0.244,0.03,0.389,0.358,0.031,0.339,0.316,0.023,Luke Keaschall,2026-09-11
"Torkelson, Spencer",679529,2026,551,311,0.22,0.212,0.008,0.407,0.392,0.0149999999999999,0.317,0.307,0.01,Spencer Torkelson,2026-09-11
"Pages, Andy",681624,2026,550,391,0.272,0.272,0.0,0.458,0.438,0.02,0.346,0.34,0.0059999999999999,Andy Pages,2026-09-11
"Bogaerts, Xander",593428,2026,550,380,0.218,0.244,-0.0259999999999999,0.318,0.372,-0.0539999999999999,0.291,0.322,-0.031,Xander Bogaerts,2026-09-11
"Stott, Bryson",681082,2026,548,398,0.249,0.266,-0.017,0.391,0.402,-0.011,0.317,0.328,-0.011,Bryson Stott,2026-09-11
"Baldwin, Drake",686948,2026,548,372,0.276,0.276,0.0,0.45,0.492,-0.0419999999999999,0.352,0.365,-0.013,Drake Baldwin,2026-09-11
"Jensen, Carter",695600,2026,547,329,0.229,0.215,0.014,0.443,0.4,0.0429999999999999,0.331,0.311,0.02,Carter Jensen,2026-09-11
"Lee, Jung Hoo",808982,2026,543,455,0.281,0.289,-0.0079999999999999,0.408,0.384,0.0239999999999999,0.321,0.316,0.005,Jung Hoo Lee,2026-09-11
"Rocchio, Brayan",677587,2026,542,421,0.247,0.245,0.002,0.376,0.351,0.025,0.302,0.292,0.01,Brayan Rocchio,2026-09-11
"Arenado, Nolan",571448,2026,537,373,0.236,0.225,0.0109999999999999,0.429,0.351,0.078,0.324,0.291,0.033,Nolan Arenado,2026-09-11
"Duran, Ezequiel",677649,2026,537,364,0.27,0.246,0.024,0.445,0.379,0.066,0.338,0.305,0.033,Ezequiel Duran,2026-09-11
"Durbin, Caleb",702332,2026,531,400,0.248,0.236,0.012,0.379,0.317,0.062,0.315,0.29,0.025,Caleb Durbin,2026-09-11
"Marsh, Brandon",669016,2026,530,364,0.267,0.255,0.012,0.418,0.407,0.011,0.315,0.305,0.01,Brandon Marsh,2026-09-11
"McCarthy, Jake",664983,2026,528,407,0.293,0.275,0.0179999999999999,0.483,0.412,0.071,0.353,0.322,0.0309999999999999,Jake McCarthy,2026-09-11
"Greene, Riley",682985,2026,527,317,0.275,0.261,0.014,0.469,0.498,-0.029,0.363,0.37,-0.007,Riley Greene,2026-09-11
"Bauers, Jake",641343,2026,522,297,0.268,0.256,0.012,0.49,0.473,0.017,0.385,0.376,0.009,Jake Bauers,2026-09-11
"Clemens, Kody",665019,2026,522,362,0.241,0.254,-0.013,0.475,0.467,0.0079999999999999,0.334,0.339,-0.005,Kody Clemens,2026-09-11
"Goodman, Hunter",696100,2026,522,307,0.244,0.225,0.0189999999999999,0.522,0.451,0.071,0.354,0.319,0.0349999999999999,Hunter Goodman,2026-09-11
"Chisholm Jr., Jazz",665862,2026,520,312,0.232,0.218,0.014,0.403,0.37,0.033,0.313,0.296,0.017,Jazz Chisholm Jr.,2026-09-11
"Contreras, Willson",575929,2026,517,307,0.274,0.254,0.02,0.516,0.483,0.033,0.39,0.374,0.016,Willson Contreras,2026-09-11
"Smith, Cam",701358,2026,513,338,0.219,0.243,-0.0239999999999999,0.41,0.437,-0.027,0.303,0.325,-0.022,Cam Smith,2026-09-11
"Hicks, Liam",689414,2026,512,400,0.287,0.258,0.0289999999999999,0.443,0.357,0.086,0.356,0.318,0.0379999999999999,Liam Hicks,2026-09-11
"Caglianone, Jac",695506,2026,510,344,0.283,0.281,0.0019999999999999,0.494,0.505,-0.011,0.356,0.357,-0.001,Jac Caglianone,2026-09-11
"Chourio, Jackson",694192,2026,509,350,0.29,0.26,0.0299999999999999,0.491,0.474,0.017,0.36,0.339,0.0209999999999999,Jackson Chourio,2026-09-11
"Altuve, Jose",514888,2026,509,364,0.246,0.223,0.0229999999999999,0.4,0.327,0.073,0.31,0.274,0.0359999999999999,Jose Altuve,2026-09-11
"Bellinger, Cody",641355,2026,506,369,0.266,0.274,-0.008,0.424,0.412,0.012,0.337,0.339,-0.002,Cody Bellinger,2026-09-11
"Antonacci, Sam",803011,2026,505,358,0.265,0.268,-0.003,0.387,0.382,0.005,0.338,0.337,0.001,Sam Antonacci,2026-09-11
"Adames, Willy",642715,2026,505,327,0.23,0.222,0.008,0.424,0.391,0.0329999999999999,0.311,0.296,0.015,Willy Adames,2026-09-11
"DeLauter, Chase",800050,2026,504,379,0.296,0.278,0.0179999999999999,0.464,0.429,0.035,0.363,0.345,0.018,Chase DeLauter,2026-09-11
"Muncy, Max",571970,2026,503,310,0.252,0.241,0.011,0.495,0.467,0.0279999999999999,0.365,0.349,0.016,Max Muncy,2026-09-11
"García Jr., Luis",671277,2026,499,390,0.287,0.284,0.003,0.553,0.504,0.049,0.371,0.351,0.02,Luis García Jr.,2026-09-11
"Varsho, Daulton",662139,2026,498,358,0.228,0.234,-0.006,0.364,0.361,0.003,0.289,0.29,-0.001,Daulton Varsho,2026-09-11
"Winn, Masyn",691026,2026,494,338,0.236,0.248,-0.012,0.323,0.333,-0.01,0.287,0.299,-0.012,Masyn Winn,2026-09-11
"Semien, Marcus",543760,2026,492,351,0.218,0.247,-0.0289999999999999,0.346,0.385,-0.039,0.28,0.306,-0.0259999999999999,Marcus Semien,2026-09-11
"Bleday, JJ",668709,2026,490,310,0.214,0.239,-0.0249999999999999,0.418,0.422,-0.004,0.328,0.342,-0.014,JJ Bleday,2026-09-11
"Murakami, Munetaka",808959,2026,486,231,0.207,0.202,0.0049999999999999,0.475,0.456,0.0189999999999999,0.353,0.344,0.009,Munetaka Murakami,2026-09-11
"Moreno, Gabriel",672515,2026,485,354,0.299,0.289,0.01,0.464,0.45,0.014,0.367,0.363,0.004,Gabriel Moreno,2026-09-11
"Ramírez, José",608070,2026,485,362,0.234,0.268,-0.034,0.371,0.398,-0.027,0.305,0.331,-0.026,José Ramírez,2026-09-11
"Grisham, Trent",663757,2026,484,333,0.211,0.245,-0.034,0.395,0.429,-0.0339999999999999,0.311,0.337,-0.026,Trent Grisham,2026-09-11
"Collins, Isaac",686555,2026,479,310,0.221,0.224,-0.003,0.336,0.312,0.024,0.299,0.296,0.003,Isaac Collins,2026-09-11
"Castro, Willi",650489,2026,477,301,0.26,0.236,0.024,0.417,0.39,0.0269999999999999,0.33,0.309,0.021,Willi Castro,2026-09-11
"Mitchell, Garrett",669003,2026,475,265,0.258,0.265,-0.007,0.408,0.441,-0.033,0.336,0.35,-0.0139999999999999,Garrett Mitchell,2026-09-11
"Butler, Lawrence",671732,2026,474,292,0.224,0.238,-0.0139999999999999,0.361,0.374,-0.013,0.303,0.315,-0.012,Lawrence Butler,2026-09-11
"Mullins, Cedric",656775,2026,472,330,0.204,0.192,0.0119999999999999,0.345,0.315,0.0299999999999999,0.283,0.267,0.0159999999999999,Cedric Mullins,2026-09-11
"Nuñez, Nasim",683083,2026,466,323,0.21,0.223,-0.013,0.244,0.276,-0.032,0.25,0.268,-0.018,Nasim Nuñez,2026-09-11
"Raleigh, Cal",663728,2026,466,255,0.183,0.19,-0.007,0.374,0.398,-0.024,0.3,0.312,-0.012,Cal Raleigh,2026-09-11
"Giménez, Andrés",665926,2026,466,349,0.245,0.236,0.009,0.361,0.332,0.0289999999999999,0.287,0.274,0.0129999999999999,Andrés Giménez,2026-09-11
"Springer, George",543807,2026,465,331,0.246,0.234,0.0119999999999999,0.408,0.379,0.0289999999999999,0.321,0.305,0.016,George Springer,2026-09-11
"Canzone, Dominic",686527,2026,465,319,0.254,0.265,-0.011,0.471,0.476,-0.005,0.344,0.349,-0.005,Dominic Canzone,2026-09-11
"Tovar, Ezequiel",678662,2026,465,316,0.214,0.224,-0.01,0.333,0.362,-0.0289999999999999,0.262,0.277,-0.015,Ezequiel Tovar,2026-09-11
"McNeil, Jeff",643446,2026,464,379,0.268,0.278,-0.01,0.371,0.369,0.002,0.304,0.306,-0.002,Jeff McNeil,2026-09-11
"Vargas, Ildemaro",545121,2026,461,388,0.251,0.271,-0.02,0.379,0.367,0.012,0.294,0.299,-0.005,Ildemaro Vargas,2026-09-11
"Betts, Mookie",605141,2026,461,370,0.249,0.276,-0.027,0.43,0.427,0.003,0.323,0.332,-0.009,Mookie Betts,2026-09-11
"Stowers, Kyle",669065,2026,459,256,0.244,0.229,0.0149999999999999,0.468,0.437,0.031,0.346,0.33,0.0159999999999999,Kyle Stowers,2026-09-11
"Bazzana, Travis",683953,2026,458,305,0.243,0.228,0.0149999999999999,0.385,0.349,0.036,0.321,0.303,0.018,Travis Bazzana,2026-09-11
"Swanson, Dansby",621020,2026,458,302,0.216,0.223,-0.007,0.404,0.389,0.015,0.309,0.306,0.003,Dansby Swanson,2026-09-11
"McLain, Matt",680574,2026,455,278,0.189,0.22,-0.031,0.345,0.376,-0.031,0.282,0.304,-0.022,Matt McLain,2026-09-11
"Soderstrom, Tyler",691016,2026,453,306,0.245,0.246,-0.001,0.472,0.411,0.061,0.35,0.327,0.0229999999999999,Tyler Soderstrom,2026-09-11
"Taveras, Leody",665750,2026,452,294,0.219,0.212,0.007,0.349,0.318,0.0309999999999999,0.285,0.273,0.0119999999999999,Leody Taveras,2026-09-11
"Lewis, Royce",668904,2026,452,300,0.23,0.241,-0.0109999999999999,0.392,0.406,-0.014,0.302,0.312,-0.01,Royce Lewis,2026-09-11
"Yelich, Christian",592885,2026,451,284,0.241,0.235,0.006,0.392,0.395,-0.003,0.312,0.314,-0.002,Christian Yelich,2026-09-11
"Suárez, Eugenio",553993,2026,447,239,0.208,0.195,0.0129999999999999,0.421,0.354,0.067,0.316,0.29,0.026,Eugenio Suárez,2026-09-11
"Schanuel, Nolan",694384,2026,446,340,0.276,0.286,-0.0099999999999999,0.385,0.389,-0.004,0.328,0.334,-0.006,Nolan Schanuel,2026-09-11
"Peters, Tristan",671976,2026,445,325,0.281,0.255,0.026,0.466,0.397,0.069,0.353,0.317,0.0359999999999999,Tristan Peters,2026-09-11
"France, Ty",664034,2026,442,300,0.294,0.254,0.0399999999999999,0.51,0.432,0.078,0.376,0.335,0.0409999999999999,Ty France,2026-09-11
"Hernández, Heriberto",681715,2026,436,269,0.225,0.248,-0.0229999999999999,0.459,0.494,-0.0349999999999999,0.335,0.357,-0.0219999999999999,Heriberto Hernández,2026-09-11
"Mangum, Jake",663968,2026,435,316,0.284,0.247,0.0369999999999999,0.371,0.324,0.0469999999999999,0.318,0.284,0.034,Jake Mangum,2026-09-11
"Young, Jacob",696285,2026,435,323,0.249,0.258,-0.009,0.391,0.385,0.006,0.314,0.316,-0.002,Jacob Young,2026-09-11
"Benintendi, Andrew",643217,2026,435,297,0.242,0.245,-0.003,0.421,0.407,0.014,0.315,0.312,0.003,Andrew Benintendi,2026-09-11
"Kurtz, Nick",701762,2026,434,211,0.256,0.244,0.012,0.483,0.483,0.0,0.381,0.374,0.007,Nick Kurtz,2026-09-11
"Baty, Brett",683146,2026,432,273,0.229,0.237,-0.0079999999999999,0.364,0.402,-0.038,0.294,0.313,-0.019,Brett Baty,2026-09-11
"Ewing, A.J.",805999,2026,430,280,0.252,0.261,-0.009,0.37,0.398,-0.028,0.308,0.322,-0.014,A.J. Ewing,2026-09-11
"Hernández, Teoscar",606192,2026,429,273,0.269,0.259,0.01,0.425,0.437,-0.012,0.333,0.333,0.0,Teoscar Hernández,2026-09-11
"Larnach, Trevor",663616,2026,428,301,0.264,0.257,0.007,0.422,0.391,0.0309999999999999,0.34,0.325,0.015,Trevor Larnach,2026-09-11
"Pasquantino, Vinnie",686469,2026,428,310,0.24,0.25,-0.01,0.385,0.415,-0.0299999999999999,0.315,0.33,-0.015,Vinnie Pasquantino,2026-09-11
"Sanoja, Javier",691594,2026,427,369,0.292,0.27,0.0219999999999999,0.439,0.349,0.09,0.336,0.292,0.044,Javier Sanoja,2026-09-11
"Pederson, Joc",592626,2026,424,269,0.234,0.241,-0.0069999999999999,0.488,0.445,0.0429999999999999,0.351,0.343,0.0079999999999999,Joc Pederson,2026-09-11
"Crawford, Justin",702222,2026,423,320,0.264,0.254,0.01,0.346,0.315,0.0309999999999999,0.293,0.28,0.0129999999999999,Justin Crawford,2026-09-11
"Crawford, J.P.",641487,2026,423,270,0.219,0.237,-0.0179999999999999,0.338,0.353,-0.0149999999999999,0.311,0.323,-0.012,J.P. Crawford,2026-09-11
"Caballero, José",676609,2026,422,289,0.233,0.231,0.002,0.369,0.341,0.0279999999999999,0.291,0.281,0.0099999999999999,José Caballero,2026-09-11
"Stephenson, Tyler",663886,2026,421,258,0.249,0.241,0.008,0.423,0.441,-0.018,0.332,0.334,-0.002,Tyler Stephenson,2026-09-11
"Peña, Jeremy",665161,2026,420,293,0.271,0.268,0.003,0.455,0.415,0.04,0.339,0.323,0.016,Jeremy Peña,2026-09-11
"Eldridge, Bryce",805811,2026,420,254,0.268,0.258,0.01,0.459,0.465,-0.006,0.359,0.357,0.002,Bryce Eldridge,2026-09-11
"Church, Nathan",701675,2026,418,318,0.244,0.241,0.003,0.364,0.354,0.01,0.286,0.282,0.004,Nathan Church,2026-09-11
"Horwitz, Spencer",687462,2026,418,297,0.246,0.224,0.0219999999999999,0.369,0.348,0.021,0.322,0.31,0.012,Spencer Horwitz,2026-09-11
"Carter, Evan",694497,2026,418,264,0.195,0.197,-0.002,0.323,0.317,0.006,0.28,0.278,0.002,Evan Carter,2026-09-11
"Johnston, Troy",687859,2026,417,300,0.283,0.278,0.0049999999999999,0.399,0.382,0.017,0.334,0.326,0.008,Troy Johnston,2026-09-11
"Langeliers, Shea",669127,2026,416,281,0.263,0.268,-0.005,0.497,0.513,-0.016,0.357,0.363,-0.006,Shea Langeliers,2026-09-11
"Karros, Kyle",691720,2026,414,273,0.261,0.254,0.007,0.426,0.408,0.018,0.344,0.339,0.0049999999999999,Kyle Karros,2026-09-11
"Realmuto, J.T.",592663,2026,414,285,0.215,0.254,-0.039,0.343,0.389,-0.0459999999999999,0.283,0.319,-0.036,J.T. Realmuto,2026-09-11
"Acuña Jr., Ronald",660670,2026,412,266,0.25,0.257,-0.007,0.435,0.48,-0.0449999999999999,0.342,0.361,-0.0189999999999999,Ronald Acuña Jr.,2026-09-11
"Sheets, Gavin",657757,2026,412,274,0.211,0.23,-0.019,0.388,0.379,0.009,0.313,0.317,-0.004,Gavin Sheets,2026-09-11
"Walls, Taylor",670764,2026,410,266,0.218,0.189,0.0289999999999999,0.292,0.258,0.0339999999999999,0.273,0.249,0.024,Taylor Walls,2026-09-11
"Schmitt, Casey",669477,2026,409,310,0.271,0.288,-0.0169999999999999,0.483,0.512,-0.029,0.336,0.355,-0.0189999999999999,Casey Schmitt,2026-09-11
"Langford, Wyatt",694671,2026,409,273,0.241,0.234,0.0069999999999999,0.435,0.388,0.0469999999999999,0.336,0.315,0.021,Wyatt Langford,2026-09-11
"Buxton, Byron",621439,2026,408,272,0.254,0.248,0.006,0.511,0.488,0.023,0.355,0.343,0.0119999999999999,Byron Buxton,2026-09-11
"Soto, Juan",665742,2026,407,284,0.275,0.293,-0.0179999999999999,0.528,0.58,-0.0519999999999999,0.393,0.416,-0.0229999999999999,Juan Soto,2026-09-11
"Bolte, Henry",703607,2026,407,247,0.277,0.249,0.028,0.403,0.378,0.025,0.34,0.318,0.022,Henry Bolte,2026-09-11
"Grissom, Vaughn",687093,2026,405,295,0.245,0.248,-0.003,0.385,0.387,-0.002,0.306,0.312,-0.006,Vaughn Grissom,2026-09-11
"Keith, Colt",690993,2026,405,290,0.257,0.276,-0.019,0.404,0.427,-0.0229999999999999,0.318,0.335,-0.017,Colt Keith,2026-09-11
"Lukes, Nathan",664770,2026,400,315,0.274,0.255,0.019,0.392,0.343,0.0489999999999999,0.316,0.288,0.028,Nathan Lukes,2026-09-11
"O'Hearn, Ryan",656811,2026,398,276,0.27,0.254,0.016,0.454,0.41,0.044,0.343,0.321,0.022,Ryan O'Hearn,2026-09-11
"Moniak, Mickey",666160,2026,397,267,0.245,0.213,0.032,0.49,0.392,0.0979999999999999,0.329,0.28,0.0489999999999999,Mickey Moniak,2026-09-11
"Jung, Josh",673962,2026,396,286,0.294,0.286,0.008,0.441,0.432,0.009,0.353,0.347,0.006,Josh Jung,2026-09-11
"Massey, Michael",686681,2026,395,309,0.278,0.254,0.024,0.439,0.411,0.028,0.325,0.307,0.018,Michael Massey,2026-09-11
"McKinstry, Zach",656716,2026,395,291,0.211,0.235,-0.0239999999999999,0.311,0.316,-0.005,0.272,0.284,-0.0119999999999999,Zach McKinstry,2026-09-11
"Mayo, Coby",691723,2026,393,236,0.223,0.229,-0.006,0.464,0.459,0.005,0.326,0.326,0.0,Coby Mayo,2026-09-11
"Lowe, Nathaniel",663993,2026,393,260,0.254,0.268,-0.014,0.462,0.439,0.023,0.339,0.338,0.001,Nathaniel Lowe,2026-09-11
"Lindor, Francisco",596019,2026,392,272,0.229,0.242,-0.0129999999999999,0.433,0.44,-0.007,0.328,0.335,-0.007,Francisco Lindor,2026-09-11
"Ramos, Heliot",671218,2026,391,254,0.242,0.256,-0.014,0.401,0.446,-0.0449999999999999,0.307,0.329,-0.022,Heliot Ramos,2026-09-11
"Loftin, Nick",679845,2026,389,279,0.235,0.226,0.0089999999999999,0.381,0.335,0.0459999999999999,0.313,0.294,0.019,Nick Loftin,2026-09-11
"Kelly, Carson",608348,2026,388,281,0.259,0.241,0.018,0.386,0.375,0.011,0.324,0.31,0.014,Carson Kelly,2026-09-11
"Crews, Dylan",686611,2026,387,256,0.224,0.236,-0.0119999999999999,0.378,0.409,-0.0309999999999999,0.299,0.312,-0.013,Dylan Crews,2026-09-11
"Steer, Spencer",668715,2026,384,256,0.238,0.246,-0.008,0.421,0.452,-0.031,0.326,0.342,-0.016,Spencer Steer,2026-09-11
"Torres, Gleyber",650402,2026,377,252,0.27,0.254,0.016,0.382,0.372,0.01,0.337,0.326,0.011,Gleyber Torres,2026-09-11
"Alvarez, Francisco",682626,2026,376,217,0.232,0.23,0.002,0.404,0.43,-0.0259999999999999,0.318,0.324,-0.006,Francisco Alvarez,2026-09-11
"Thomas, Lane",657041,2026,374,235,0.224,0.238,-0.0139999999999999,0.383,0.365,0.018,0.313,0.311,0.002,Lane Thomas,2026-09-11
"Gelof, Zack",680869,2026,373,246,0.251,0.227,0.0239999999999999,0.459,0.41,0.049,0.338,0.308,0.03,Zack Gelof,2026-09-11
"Basallo, Samuel",694212,2026,371,239,0.227,0.234,-0.007,0.415,0.442,-0.027,0.31,0.32,-0.01,Samuel Basallo,2026-09-11
"Seager, Corey",608369,2026,370,236,0.227,0.249,-0.0219999999999999,0.43,0.482,-0.0519999999999999,0.326,0.352,-0.0259999999999999,Corey Seager,2026-09-11
"Ortiz, Joey",687401,2026,370,269,0.255,0.24,0.015,0.386,0.342,0.0439999999999999,0.31,0.296,0.014,Joey Ortiz,2026-09-11
"Martínez, Angel",682657,2026,369,267,0.245,0.251,-0.006,0.431,0.395,0.0359999999999999,0.31,0.299,0.011,Angel Martínez,2026-09-11
"Cruz, Oneil",665833,2026,367,198,0.276,0.249,0.027,0.486,0.482,0.004,0.368,0.354,0.014,Oneil Cruz,2026-09-11
"Yastrzemski, Mike",573262,2026,363,235,0.224,0.234,-0.01,0.371,0.365,0.006,0.303,0.307,-0.004,Mike Yastrzemski,2026-09-11
"Soler, Jorge",624585,2026,361,202,0.203,0.206,-0.0029999999999999,0.373,0.362,0.011,0.295,0.294,0.001,Jorge Soler,2026-09-11
"Gilbert, Drew",687551,2026,361,254,0.232,0.256,-0.0239999999999999,0.373,0.386,-0.013,0.307,0.325,-0.018,Drew Gilbert,2026-09-11
"Palacios, Richie",680700,2026,360,252,0.228,0.242,-0.0139999999999999,0.367,0.334,0.0329999999999999,0.31,0.305,0.005,Richie Palacios,2026-09-11
"Goldschmidt, Paul",502671,2026,359,243,0.252,0.238,0.014,0.457,0.421,0.036,0.333,0.314,0.019,Paul Goldschmidt,2026-09-11
"Rutschman, Adley",668939,2026,359,262,0.237,0.259,-0.022,0.424,0.425,-0.001,0.323,0.337,-0.014,Adley Rutschman,2026-09-11
"Cronenworth, Jake",630105,2026,358,237,0.208,0.211,-0.003,0.289,0.293,-0.004,0.268,0.269,-0.001,Jake Cronenworth,2026-09-11
"Manzardo, Kyle",700932,2026,356,200,0.215,0.22,-0.005,0.378,0.38,-0.002,0.305,0.307,-0.002,Kyle Manzardo,2026-09-11
"Frelick, Sal",686217,2026,354,280,0.236,0.243,-0.007,0.328,0.329,-0.001,0.281,0.284,-0.0029999999999999,Sal Frelick,2026-09-11
"Rengifo, Luis",650859,2026,354,268,0.24,0.253,-0.013,0.317,0.345,-0.0279999999999999,0.289,0.304,-0.015,Luis Rengifo,2026-09-11
"Hamilton, David",666152,2026,354,245,0.246,0.224,0.0219999999999999,0.34,0.312,0.028,0.296,0.276,0.0199999999999999,David Hamilton,2026-09-11
"Heim, Jonah",641680,2026,352,260,0.208,0.227,-0.019,0.382,0.369,0.013,0.284,0.29,-0.006,Jonah Heim,2026-09-11
"Chapman, Matt",656305,2026,352,229,0.235,0.21,0.0249999999999999,0.368,0.319,0.0489999999999999,0.309,0.286,0.023,Matt Chapman,2026-09-11
"Peraza, Oswald",672724,2026,351,221,0.225,0.224,0.001,0.34,0.333,0.007,0.276,0.272,0.004,Oswald Peraza,2026-09-11
"Wells, Austin",669224,2026,351,213,0.181,0.208,-0.0269999999999999,0.303,0.348,-0.0449999999999999,0.266,0.293,-0.0269999999999999,Austin Wells,2026-09-11
"Cowser, Colton",681297,2026,351,202,0.213,0.217,-0.004,0.364,0.411,-0.0469999999999999,0.3,0.317,-0.017,Colton Cowser,2026-09-11
"Caratini, Victor",605170,2026,348,235,0.223,0.233,-0.01,0.324,0.374,-0.0499999999999999,0.29,0.317,-0.027,Victor Caratini,2026-09-11
"Cortes, Carlos",666126,2026,344,256,0.259,0.247,0.012,0.401,0.373,0.028,0.321,0.305,0.016,Carlos Cortes,2026-09-11
"Triolo, Jared",669707,2026,340,239,0.248,0.245,0.003,0.318,0.322,-0.004,0.291,0.29,0.001,Jared Triolo,2026-09-11
"Wilson, Jacob",805779,2026,337,283,0.266,0.262,0.004,0.388,0.345,0.043,0.301,0.282,0.019,Jacob Wilson,2026-09-11
"Holliday, Jackson",702616,2026,337,223,0.235,0.244,-0.009,0.352,0.366,-0.014,0.293,0.303,-0.01,Jackson Holliday,2026-09-11
"Martin, Austin",668885,2026,335,225,0.241,0.24,0.001,0.333,0.326,0.007,0.315,0.311,0.004,Austin Martin,2026-09-11
"Fermín, José",665877,2026,334,261,0.242,0.247,-0.005,0.354,0.337,0.0169999999999999,0.292,0.289,0.003,José Fermín,2026-09-11
"Norby, Connor",681393,2026,331,187,0.225,0.212,0.013,0.361,0.351,0.01,0.313,0.302,0.011,Connor Norby,2026-09-11
"McMahon, Ryan",641857,2026,330,204,0.214,0.233,-0.019,0.358,0.388,-0.03,0.285,0.302,-0.017,Ryan McMahon,2026-09-11
"Mead, Curtis",678554,2026,329,222,0.253,0.259,-0.006,0.498,0.457,0.0409999999999999,0.37,0.358,0.012,Curtis Mead,2026-09-11
"Caissie, Owen",683357,2026,328,175,0.22,0.211,0.009,0.412,0.405,0.0069999999999999,0.303,0.301,0.002,Owen Caissie,2026-09-11
"Monasterio, Andruw",655316,2026,327,238,0.241,0.236,0.005,0.386,0.364,0.022,0.302,0.294,0.008,Andruw Monasterio,2026-09-11
"Jeffers, Ryan",680777,2026,326,227,0.27,0.258,0.012,0.5,0.461,0.0389999999999999,0.377,0.363,0.014,Ryan Jeffers,2026-09-11
"Ruiz, Keibert",660688,2026,325,271,0.283,0.246,0.0369999999999999,0.457,0.375,0.082,0.335,0.289,0.046,Keibert Ruiz,2026-09-11
"Vivas, Jorbit",678391,2026,324,239,0.24,0.242,-0.002,0.327,0.32,0.007,0.302,0.3,0.002,Jorbit Vivas,2026-09-11
"DeLuca, Jonny",676356,2026,319,242,0.262,0.236,0.026,0.417,0.335,0.0819999999999999,0.31,0.266,0.0439999999999999,Jonny DeLuca,2026-09-11
"Hoskins, Rhys",656555,2026,317,167,0.179,0.174,0.005,0.376,0.348,0.028,0.305,0.297,0.008,Rhys Hoskins,2026-09-11
"Montgomery, Braden",695731,2026,317,216,0.22,0.255,-0.035,0.354,0.392,-0.038,0.301,0.33,-0.029,Braden Montgomery,2026-09-11
"Vaughn, Andrew",683734,2026,317,227,0.309,0.265,0.0439999999999999,0.451,0.382,0.069,0.373,0.332,0.0409999999999999,Andrew Vaughn,2026-09-11
"Young, Jared",676724,2026,317,228,0.268,0.245,0.023,0.429,0.391,0.0379999999999999,0.333,0.313,0.02,Jared Young,2026-09-11
"House, Brady",691781,2026,313,205,0.242,0.268,-0.026,0.4,0.446,-0.0459999999999999,0.307,0.335,-0.028,Brady House,2026-09-11
"Bailey, Patrick",672275,2026,311,207,0.209,0.243,-0.034,0.331,0.397,-0.066,0.271,0.309,-0.0379999999999999,Patrick Bailey,2026-09-11
"Garcia, Maikel",672580,2026,309,238,0.269,0.276,-0.007,0.385,0.377,0.008,0.313,0.317,-0.004,Maikel Garcia,2026-09-11
"Carrigg, Cole",694249,2026,304,201,0.262,0.248,0.014,0.446,0.383,0.063,0.338,0.313,0.025,Cole Carrigg,2026-09-11
"Beavers, Dylan",687637,2026,304,195,0.244,0.227,0.0169999999999999,0.38,0.369,0.011,0.311,0.298,0.013,Dylan Beavers,2026-09-11
"Diaz, Yainer",673237,2026,301,240,0.268,0.264,0.004,0.429,0.398,0.0309999999999999,0.314,0.302,0.012,Yainer Diaz,2026-09-11
"Lowe, Josh",666139,2026,301,189,0.207,0.214,-0.007,0.354,0.382,-0.028,0.278,0.292,-0.0139999999999999,Josh Lowe,2026-09-11
"Sánchez, Jesús",660821,2026,299,204,0.26,0.255,0.005,0.416,0.423,-0.007,0.32,0.322,-0.002,Jesús Sánchez,2026-09-11
"Tawa, Tim",694374,2026,299,201,0.247,0.242,0.005,0.401,0.398,0.003,0.309,0.306,0.003,Tim Tawa,2026-09-11
"Ballesteros, Moisés",694208,2026,299,206,0.22,0.227,-0.007,0.344,0.368,-0.024,0.278,0.291,-0.0129999999999999,Moisés Ballesteros,2026-09-11
"Fortes, Nick",663743,2026,297,241,0.263,0.244,0.019,0.361,0.327,0.0339999999999999,0.297,0.275,0.0219999999999999,Nick Fortes,2026-09-11
"Lee, Hao-Yu",701678,2026,297,200,0.256,0.23,0.0259999999999999,0.4,0.389,0.011,0.313,0.299,0.014,Hao-Yu Lee,2026-09-11
"Yoshida, Masataka",807799,2026,297,233,0.274,0.262,0.012,0.399,0.372,0.027,0.33,0.318,0.012,Masataka Yoshida,2026-09-11
"Myers, Dane",667472,2026,297,189,0.271,0.237,0.034,0.384,0.355,0.029,0.334,0.312,0.022,Dane Myers,2026-09-11
"Mack, Joe",691788,2026,297,202,0.238,0.226,0.0119999999999999,0.414,0.395,0.0189999999999999,0.306,0.292,0.014,Joe Mack,2026-09-11
"Straw, Myles",664702,2026,295,230,0.236,0.252,-0.016,0.346,0.349,-0.003,0.287,0.296,-0.009,Myles Straw,2026-09-11
"Smith, Dominic",642086,2026,292,222,0.256,0.238,0.018,0.378,0.372,0.006,0.303,0.298,0.005,Dominic Smith,2026-09-11
"Vierling, Matt",663837,2026,291,223,0.207,0.256,-0.049,0.335,0.381,-0.0459999999999999,0.259,0.304,-0.0449999999999999,Matt Vierling,2026-09-11
"Alexander, Blaze",677942,2026,289,201,0.303,0.3,0.003,0.414,0.452,-0.038,0.34,0.351,-0.0109999999999999,Blaze Alexander,2026-09-11
"Isbel, Kyle",664728,2026,288,206,0.226,0.226,0.0,0.337,0.308,0.029,0.271,0.261,0.01,Kyle Isbel,2026-09-11
"Freeman, Tyler",671289,2026,288,228,0.247,0.265,-0.018,0.314,0.353,-0.0389999999999999,0.289,0.309,-0.02,Tyler Freeman,2026-09-11
"Raley, Luke",670042,2026,287,172,0.225,0.252,-0.0269999999999999,0.439,0.486,-0.0469999999999999,0.313,0.342,-0.029,Luke Raley,2026-09-11
"Valdez, Esmerlyn",699013,2026,284,135,0.235,0.2,0.0349999999999999,0.517,0.444,0.073,0.372,0.334,0.0379999999999999,Esmerlyn Valdez,2026-09-11
"Schneemann, Daniel",682177,2026,281,173,0.206,0.221,-0.015,0.319,0.358,-0.0389999999999999,0.267,0.286,-0.0189999999999999,Daniel Schneemann,2026-09-11
"Ozuna, Marcell",542303,2026,280,171,0.203,0.221,-0.0179999999999999,0.327,0.389,-0.062,0.276,0.304,-0.0279999999999999,Marcell Ozuna,2026-09-11
"Nootbaar, Lars",663457,2026,278,186,0.236,0.248,-0.012,0.376,0.446,-0.07,0.318,0.346,-0.0279999999999999,Lars Nootbaar,2026-09-11
"Tena, José",677588,2026,277,163,0.227,0.225,0.002,0.377,0.359,0.018,0.304,0.296,0.008,José Tena,2026-09-11
"Gorman, Nolan",669357,2026,276,160,0.187,0.197,-0.01,0.321,0.365,-0.0439999999999999,0.259,0.279,-0.02,Nolan Gorman,2026-09-11
"Julien, Edouard",666397,2026,276,165,0.208,0.247,-0.039,0.292,0.401,-0.109,0.287,0.338,-0.051,Edouard Julien,2026-09-11
"O'Hoppe, Logan",681351,2026,274,186,0.215,0.206,0.009,0.299,0.332,-0.033,0.257,0.267,-0.01,Logan O'Hoppe,2026-09-11
"Davis, Henry",680779,2026,274,184,0.169,0.2,-0.031,0.304,0.338,-0.034,0.26,0.288,-0.0279999999999999,Henry Davis,2026-09-11
"Muncy, Max",691777,2026,273,161,0.233,0.22,0.013,0.396,0.373,0.023,0.306,0.293,0.013,Max Muncy,2026-09-11
"Meckler, Wade",685133,2026,273,191,0.298,0.261,0.0369999999999999,0.388,0.36,0.028,0.342,0.315,0.027,Wade Meckler,2026-09-11
"Griffin, Konnor",804606,2026,272,178,0.262,0.239,0.023,0.383,0.386,-0.003,0.311,0.302,0.009,Konnor Griffin,2026-09-11
"Edman, Tommy",669242,2026,272,187,0.266,0.254,0.012,0.402,0.362,0.04,0.334,0.313,0.021,Tommy Edman,2026-09-11
"Waldschmidt, Ryan",814439,2026,272,167,0.263,0.244,0.019,0.371,0.368,0.003,0.311,0.302,0.009,Ryan Waldschmidt,2026-09-11
"Narváez, Carlos",665966,2026,270,157,0.166,0.192,-0.0259999999999999,0.234,0.304,-0.0699999999999999,0.224,0.262,-0.038,Carlos Narváez,2026-09-11
"Williamson, Ben",810938,2026,270,197,0.247,0.253,-0.006,0.332,0.331,0.001,0.289,0.29,-0.001,Ben Williamson,2026-09-11
"Kirk, Alejandro",672386,2026,269,209,0.276,0.262,0.014,0.418,0.367,0.0509999999999999,0.33,0.303,0.027,Alejandro Kirk,2026-09-11
"Conine, Griffin",665052,2026,268,153,0.255,0.253,0.002,0.481,0.489,-0.008,0.368,0.367,0.001,Griffin Conine,2026-09-11
"Judge, Aaron",592450,2026,268,147,0.249,0.266,-0.017,0.525,0.587,-0.0619999999999999,0.382,0.407,-0.0249999999999999,Aaron Judge,2026-09-11
"Vientos, Mark",668901,2026,266,188,0.217,0.236,-0.0189999999999999,0.41,0.452,-0.042,0.29,0.312,-0.022,Mark Vientos,2026-09-11
"Friedl, TJ",670770,2026,266,178,0.162,0.186,-0.0239999999999999,0.248,0.262,-0.014,0.229,0.245,-0.0159999999999999,TJ Friedl,2026-09-11
"Conforto, Michael",624424,2026,266,158,0.242,0.238,0.004,0.489,0.441,0.0479999999999999,0.357,0.339,0.0179999999999999,Michael Conforto,2026-09-11
"O'Neill, Tyler",641933,2026,260,159,0.212,0.214,-0.002,0.377,0.394,-0.017,0.302,0.307,-0.005,Tyler O'Neill,2026-09-11
"Carpenter, Kerry",681481,2026,259,159,0.208,0.212,-0.004,0.416,0.388,0.0279999999999999,0.301,0.295,0.006,Kerry Carpenter,2026-09-11
"García, Adolis",666969,2026,259,150,0.195,0.22,-0.0249999999999999,0.329,0.362,-0.0329999999999999,0.268,0.294,-0.0259999999999999,Adolis García,2026-09-11
"Vázquez, Christian",543877,2026,257,190,0.21,0.197,0.0129999999999999,0.33,0.272,0.0579999999999999,0.264,0.237,0.027,Christian Vázquez,2026-09-11
"Torrens, Luis",620443,2026,257,185,0.24,0.234,0.0059999999999999,0.399,0.368,0.031,0.31,0.295,0.015,Luis Torrens,2026-09-11
"Andujar, Miguel",609280,2026,254,201,0.259,0.264,-0.005,0.423,0.376,0.0469999999999999,0.314,0.298,0.016,Miguel Andujar,2026-09-11
"Trammell, Taylor",666211,2026,254,149,0.208,0.192,0.0159999999999999,0.363,0.369,-0.006,0.291,0.286,0.005,Taylor Trammell,2026-09-11
"Sánchez, Gary",596142,2026,254,153,0.21,0.223,-0.013,0.429,0.407,0.022,0.349,0.344,0.005,Gary Sánchez,2026-09-11
"Jackson, Jeremiah",669236,2026,252,189,0.227,0.244,-0.0169999999999999,0.357,0.385,-0.028,0.265,0.285,-0.0199999999999999,Jeremiah Jackson,2026-09-11
"Valenzuela, Brandon",678218,2026,252,159,0.215,0.237,-0.0219999999999999,0.363,0.374,-0.011,0.296,0.309,-0.013,Brandon Valenzuela,2026-09-11
"Rushing, Dalton",687221,2026,250,149,0.249,0.252,-0.003,0.466,0.43,0.036,0.348,0.339,0.0089999999999999,Dalton Rushing,2026-09-11
"Freeland, Alex",690976,2026,245,147,0.222,0.213,0.009,0.302,0.329,-0.027,0.28,0.287,-0.0069999999999999,Alex Freeland,2026-09-11
"Fermin, Freddy",666023,2026,245,169,0.192,0.214,-0.0219999999999999,0.299,0.32,-0.021,0.257,0.275,-0.018,Freddy Fermin,2026-09-11
"Guzman, Denzer",694203,2026,241,164,0.227,0.231,-0.004,0.356,0.339,0.0169999999999999,0.276,0.27,0.006,Denzer Guzman,2026-09-11
"Emerson, Colt",806068,2026,241,141,0.19,0.196,-0.006,0.335,0.3,0.035,0.256,0.248,0.008,Colt Emerson,2026-09-11
"Vilade, Ryan",668723,2026,240,164,0.262,0.259,0.003,0.472,0.445,0.0269999999999999,0.343,0.333,0.01,Ryan Vilade,2026-09-11
"Lopez, Nicky",670032,2026,237,184,0.278,0.242,0.036,0.321,0.291,0.03,0.288,0.26,0.0279999999999999,Nicky Lopez,2026-09-11
"Kreidler, Ryan",668952,2026,236,165,0.218,0.218,0.0,0.366,0.374,-0.008,0.286,0.288,-0.002,Ryan Kreidler,2026-09-11
"Jones, Spencer",682987,2026,235,126,0.255,0.244,0.011,0.452,0.447,0.005,0.342,0.334,0.008,Spencer Jones,2026-09-11
"Sosa, Edmundo",624641,2026,233,168,0.238,0.277,-0.039,0.397,0.445,-0.0479999999999999,0.294,0.33,-0.036,Edmundo Sosa,2026-09-11
"Amaya, Miguel",665804,2026,233,137,0.234,0.199,0.035,0.36,0.311,0.0489999999999999,0.321,0.289,0.032,Miguel Amaya,2026-09-11
"Robert Jr., Luis",673357,2026,230,151,0.221,0.239,-0.0179999999999999,0.407,0.418,-0.011,0.311,0.321,-0.01,Luis Robert Jr.,2026-09-11
"Smith, Will",669257,2026,230,162,0.24,0.271,-0.031,0.383,0.492,-0.1089999999999999,0.32,0.382,-0.062,Will Smith,2026-09-11
"Grichuk, Randal",545341,2026,230,166,0.283,0.278,0.0049999999999999,0.557,0.469,0.088,0.368,0.334,0.0339999999999999,Randal Grichuk,2026-09-11
"Wong, Connor",657136,2026,229,151,0.234,0.218,0.016,0.348,0.33,0.0179999999999999,0.297,0.284,0.013,Connor Wong,2026-09-11
"Mayer, Marcelo",691785,2026,228,164,0.22,0.201,0.0189999999999999,0.312,0.297,0.015,0.267,0.259,0.008,Marcelo Mayer,2026-09-11
"Rosario, Amed",642708,2026,227,157,0.238,0.249,-0.011,0.419,0.431,-0.012,0.303,0.312,-0.009,Amed Rosario,2026-09-11
"Feduccia, Hunter",676439,2026,226,146,0.232,0.244,-0.0119999999999999,0.333,0.381,-0.0479999999999999,0.291,0.314,-0.023,Hunter Feduccia,2026-09-11
"Matthews, Brice",694728,2026,226,140,0.197,0.192,0.005,0.332,0.341,-0.009,0.257,0.26,-0.003,Brice Matthews,2026-09-11
"Foscue, Justin",679822,2026,223,150,0.271,0.249,0.022,0.502,0.455,0.0469999999999999,0.36,0.334,0.0259999999999999,Justin Foscue,2026-09-11
"Domínguez, Jasson",691176,2026,222,161,0.225,0.25,-0.0249999999999999,0.368,0.364,0.004,0.279,0.289,-0.0099999999999999,Jasson Domínguez,2026-09-11
"Rojas, Miguel",500743,2026,222,183,0.273,0.278,-0.005,0.394,0.383,0.011,0.308,0.306,0.002,Miguel Rojas,2026-09-11
"Hedges, Austin",595978,2026,221,160,0.253,0.221,0.032,0.366,0.308,0.0579999999999999,0.307,0.272,0.0349999999999999,Austin Hedges,2026-09-11
"Taylor, Tyrone",621438,2026,221,167,0.284,0.252,0.0319999999999999,0.517,0.43,0.087,0.365,0.317,0.0479999999999999,Tyrone Taylor,2026-09-11
"Walton, Donovan",622268,2026,221,153,0.269,0.252,0.017,0.446,0.39,0.0559999999999999,0.367,0.339,0.0279999999999999,Donovan Walton,2026-09-11
"Osuna, Alejandro",696030,2026,220,161,0.255,0.25,0.005,0.297,0.306,-0.009,0.3,0.3,0.0,Alejandro Osuna,2026-09-11
"Pratt, Cooper",806198,2026,219,156,0.263,0.256,0.007,0.36,0.351,0.009,0.308,0.307,0.001,Cooper Pratt,2026-09-11
"Ramírez, Pedro",699393,2026,217,158,0.26,0.244,0.016,0.408,0.354,0.0539999999999999,0.316,0.288,0.028,Pedro Ramírez,2026-09-11
"Hayes, Ke'Bryan",663647,2026,217,158,0.153,0.248,-0.095,0.248,0.394,-0.146,0.209,0.304,-0.095,Ke'Bryan Hayes,2026-09-11
"Sogard, Nick",686765,2026,217,146,0.266,0.25,0.016,0.402,0.358,0.044,0.341,0.318,0.023,Nick Sogard,2026-09-11
"Story, Trevor",596115,2026,217,139,0.233,0.214,0.019,0.335,0.311,0.024,0.263,0.245,0.018,Trevor Story,2026-09-11
"Sullivan, Brett",664954,2026,214,163,0.235,0.232,0.0029999999999999,0.418,0.358,0.06,0.302,0.284,0.018,Brett Sullivan,2026-09-11
"Quero, Edgar",700337,2026,213,149,0.205,0.223,-0.018,0.259,0.317,-0.0579999999999999,0.249,0.28,-0.031,Edgar Quero,2026-09-11
"Ruiz, Esteury",665923,2026,213,110,0.232,0.186,0.046,0.407,0.309,0.0979999999999999,0.34,0.289,0.051,Esteury Ruiz,2026-09-11
"Gonzalez, Jacob",694378,2026,213,158,0.223,0.253,-0.03,0.36,0.397,-0.037,0.28,0.306,-0.0259999999999999,Jacob Gonzalez,2026-09-11
"Díaz, Elias",553869,2026,212,151,0.23,0.221,0.009,0.398,0.363,0.035,0.284,0.271,0.0129999999999999,Elias Díaz,2026-09-11
"Mesa Jr., Victor",683748,2026,211,151,0.247,0.244,0.003,0.484,0.432,0.0519999999999999,0.343,0.322,0.021,Victor Mesa Jr.,2026-09-11
"Ramírez, Agustín",682663,2026,209,135,0.219,0.212,0.007,0.322,0.289,0.033,0.286,0.272,0.0139999999999999,Agustín Ramírez,2026-09-11
"Fernandez, Jose",699912,2026,207,150,0.262,0.248,0.014,0.356,0.351,0.005,0.294,0.285,0.009,Jose Fernandez,2026-09-11
"Acuña, Luisangel",682668,2026,207,158,0.237,0.246,-0.009,0.273,0.316,-0.0429999999999999,0.243,0.265,-0.022,Luisangel Acuña,2026-09-11
"Laureano, Ramón",657656,2026,206,119,0.203,0.222,-0.0189999999999999,0.374,0.409,-0.0349999999999999,0.292,0.312,-0.02,Ramón Laureano,2026-09-11
"Siri, Jose",642350,2026,206,124,0.225,0.222,0.003,0.396,0.435,-0.0389999999999999,0.295,0.306,-0.011,Jose Siri,2026-09-11
"Campusano, Luis",669134,2026,205,131,0.284,0.251,0.0329999999999999,0.466,0.421,0.045,0.376,0.346,0.03,Luis Campusano,2026-09-11
"Smith, Josh",669701,2026,205,136,0.226,0.209,0.017,0.356,0.334,0.0219999999999999,0.299,0.285,0.014,Josh Smith,2026-09-11
"White, Eli",642201,2026,204,147,0.246,0.229,0.0169999999999999,0.398,0.333,0.065,0.3,0.269,0.0309999999999999,Eli White,2026-09-11
"Romo, Drew",691011,2026,203,133,0.141,0.188,-0.047,0.288,0.293,-0.005,0.241,0.262,-0.021,Drew Romo,2026-09-11
"Hill, Derek",656537,2026,203,123,0.246,0.226,0.0199999999999999,0.439,0.381,0.0579999999999999,0.319,0.287,0.032,Derek Hill,2026-09-11
"Rooker, Brent",667670,2026,202,117,0.201,0.208,-0.0069999999999999,0.391,0.438,-0.0469999999999999,0.294,0.312,-0.018,Brent Rooker,2026-09-11
"Marte, Noelvi",682622,2026,201,139,0.189,0.193,-0.004,0.321,0.304,0.017,0.242,0.237,0.005,Noelvi Marte,2026-09-11
"Williams, Alika",675961,2026,200,145,0.258,0.211,0.047,0.414,0.286,0.128,0.308,0.239,0.069,Alika Williams,2026-09-11
"Gurriel Jr., Lourdes",666971,2026,199,149,0.207,0.231,-0.024,0.288,0.31,-0.022,0.241,0.272,-0.031,Lourdes Gurriel Jr.,2026-09-11
"Jordan, Blaze",691458,2026,199,160,0.247,0.266,-0.019,0.382,0.425,-0.0429999999999999,0.284,0.317,-0.033,Blaze Jordan,2026-09-11
"Pagés, Pedro",686780,2026,198,133,0.212,0.217,-0.005,0.313,0.33,-0.017,0.257,0.268,-0.011,Pedro Pagés,2026-09-11
"Volpe, Anthony",683011,2026,198,131,0.251,0.236,0.015,0.349,0.325,0.0239999999999999,0.308,0.295,0.013,Anthony Volpe,2026-09-11
"Del Castillo, Adrian",680728,2026,195,127,0.196,0.198,-0.002,0.313,0.33,-0.017,0.25,0.256,-0.006,Adrian Del Castillo,2026-09-11
"Gasper, Mickey",681508,2026,195,136,0.264,0.266,-0.002,0.479,0.459,0.0199999999999999,0.375,0.37,0.005,Mickey Gasper,2026-09-11
"Jiménez, Leo",677870,2026,194,130,0.199,0.242,-0.0429999999999999,0.259,0.336,-0.077,0.267,0.314,-0.0469999999999999,Leo Jiménez,2026-09-11
"Chaparro, Andrés",665953,2026,192,121,0.253,0.234,0.0189999999999999,0.506,0.44,0.066,0.374,0.342,0.0319999999999999,Andrés Chaparro,2026-09-11
"Mateo, Jorge",622761,2026,192,125,0.212,0.239,-0.0269999999999999,0.335,0.389,-0.0539999999999999,0.261,0.293,-0.0319999999999999,Jorge Mateo,2026-09-11
"Gray, Tristan",656484,2026,188,117,0.225,0.218,0.007,0.324,0.322,0.002,0.262,0.263,-0.001,Tristan Gray,2026-09-11
"Scott II, Victor",687363,2026,186,124,0.197,0.223,-0.0259999999999999,0.261,0.3,-0.0389999999999999,0.25,0.275,-0.025,Victor Scott II,2026-09-11
"Higashioka, Kyle",543309,2026,186,118,0.218,0.219,-0.001,0.37,0.351,0.019,0.303,0.295,0.008,Kyle Higashioka,2026-09-11
"Fry, David",681807,2026,184,103,0.191,0.168,0.0229999999999999,0.338,0.255,0.083,0.293,0.255,0.0379999999999999,David Fry,2026-09-11
"Doyle, Brenton",686668,2026,184,112,0.211,0.192,0.0189999999999999,0.298,0.274,0.0239999999999999,0.252,0.234,0.0179999999999999,Brenton Doyle,2026-09-11
"Heineman, Tyler",623168,2026,183,146,0.179,0.22,-0.041,0.228,0.266,-0.038,0.209,0.241,-0.032,Tyler Heineman,2026-09-11
"Call, Alex",669743,2026,183,120,0.243,0.208,0.035,0.316,0.263,0.0529999999999999,0.314,0.282,0.032,Alex Call,2026-09-11
"Anthony, Roman",701350,2026,183,107,0.236,0.264,-0.028,0.382,0.437,-0.0549999999999999,0.325,0.355,-0.0299999999999999,Roman Anthony,2026-09-11
"Jansen, Danny",643376,2026,181,112,0.182,0.175,0.007,0.352,0.299,0.0529999999999999,0.278,0.255,0.023,Danny Jansen,2026-09-11
"Piñango, Yohendrick",682818,2026,180,125,0.26,0.262,-0.002,0.396,0.398,-0.002,0.309,0.309,0.0,Yohendrick Piñango,2026-09-11
"Báez, Javier",595879,2026,177,136,0.243,0.239,0.004,0.355,0.308,0.0469999999999999,0.274,0.258,0.016,Javier Báez,2026-09-11
"Shaw, Matt",807713,2026,176,124,0.237,0.228,0.0089999999999999,0.428,0.356,0.072,0.329,0.3,0.029,Matt Shaw,2026-09-11
"Pérez, Wenceel",672761,2026,175,132,0.18,0.203,-0.023,0.348,0.348,0.0,0.262,0.272,-0.01,Wenceel Pérez,2026-09-11
"Halpin, Petey",690984,2026,173,131,0.215,0.243,-0.0279999999999999,0.31,0.362,-0.0519999999999999,0.252,0.283,-0.0309999999999999,Petey Halpin,2026-09-11
"Seigler, Anthony",678011,2026,171,124,0.25,0.244,0.006,0.405,0.374,0.031,0.325,0.315,0.01,Anthony Seigler,2026-09-11
"Outman, James",681546,2026,170,86,0.172,0.162,0.0099999999999999,0.318,0.273,0.0449999999999999,0.247,0.225,0.0219999999999999,James Outman,2026-09-11
"Lara, Luis",800325,2026,168,114,0.26,0.262,-0.002,0.353,0.345,0.008,0.308,0.307,0.001,Luis Lara,2026-09-11
"Marte, Starling",516782,2026,168,114,0.242,0.23,0.0119999999999999,0.314,0.364,-0.0499999999999999,0.276,0.287,-0.0109999999999999,Starling Marte,2026-09-11
"Koss, Christian",683766,2026,167,118,0.227,0.214,0.013,0.338,0.3,0.038,0.27,0.249,0.021,Christian Koss,2026-09-11
"Torres, Bryan",663494,2026,165,118,0.26,0.245,0.015,0.377,0.354,0.023,0.314,0.299,0.015,Bryan Torres,2026-09-11
"Encarnacion-Strand, Christian",687952,2026,163,106,0.255,0.251,0.004,0.477,0.512,-0.035,0.337,0.345,-0.0079999999999999,Christian Encarnacion-Strand,2026-09-11
"Rogers, Jake",668670,2026,163,94,0.167,0.177,-0.0099999999999999,0.297,0.306,-0.009,0.259,0.267,-0.008,Jake Rogers,2026-09-11
"Barrosa, Jorge",678489,2026,162,103,0.199,0.163,0.036,0.338,0.251,0.087,0.277,0.233,0.044,Jorge Barrosa,2026-09-11
"White, Tommy",695720,2026,161,130,0.25,0.269,-0.019,0.321,0.395,-0.074,0.259,0.299,-0.0399999999999999,Tommy White,2026-09-11
"Susac, Daniel",691740,2026,161,114,0.243,0.249,-0.006,0.375,0.369,0.006,0.29,0.296,-0.006,Daniel Susac,2026-09-11
"Arroyo, Edwin",695490,2026,160,113,0.223,0.268,-0.045,0.264,0.348,-0.0839999999999999,0.24,0.291,-0.0509999999999999,Edwin Arroyo,2026-09-11
"Rodríguez, Endy",682848,2026,159,94,0.267,0.245,0.022,0.467,0.403,0.064,0.37,0.338,0.0319999999999999,Endy Rodríguez,2026-09-11
"Donovan, Brendan",680977,2026,159,115,0.277,0.25,0.027,0.409,0.344,0.065,0.349,0.314,0.0349999999999999,Brendan Donovan,2026-09-11
"Hernaiz, Darell",687231,2026,157,109,0.234,0.216,0.018,0.277,0.267,0.01,0.275,0.262,0.013,Darell Hernaiz,2026-09-11
"Dunn, Blake",694362,2026,155,110,0.282,0.242,0.0399999999999999,0.387,0.319,0.068,0.32,0.28,0.0399999999999999,Blake Dunn,2026-09-11
"Meyers, Jake",676694,2026,153,111,0.213,0.205,0.008,0.326,0.316,0.01,0.265,0.256,0.009,Jake Meyers,2026-09-11
"Jones, Jahmai",663330,2026,152,86,0.218,0.243,-0.0249999999999999,0.391,0.435,-0.0439999999999999,0.315,0.34,-0.025,Jahmai Jones,2026-09-11
"Millas, Drew",686452,2026,152,96,0.185,0.204,-0.0189999999999999,0.262,0.282,-0.0199999999999999,0.251,0.266,-0.015,Drew Millas,2026-09-11
"Beck, Jordan",687597,2026,152,96,0.193,0.209,-0.0159999999999999,0.293,0.289,0.004,0.243,0.247,-0.004,Jordan Beck,2026-09-11
"Wilson, Weston",642215,2026,151,85,0.194,0.18,0.014,0.313,0.275,0.0379999999999999,0.273,0.253,0.02,Weston Wilson,2026-09-11
"Kiner-Falefa, Isiah",643396,2026,150,117,0.269,0.276,-0.007,0.351,0.348,0.003,0.313,0.314,-0.001,Isiah Kiner-Falefa,2026-09-11
"Garver, Mitch",641598,2026,149,77,0.175,0.194,-0.019,0.294,0.341,-0.047,0.278,0.301,-0.0229999999999999,Mitch Garver,2026-09-11
"Crooks, Jimmy",699625,2026,149,87,0.179,0.198,-0.019,0.336,0.397,-0.061,0.264,0.294,-0.0299999999999999,Jimmy Crooks,2026-09-11
"McCann, James",543510,2026,148,102,0.29,0.232,0.0579999999999999,0.442,0.394,0.0479999999999999,0.333,0.288,0.045,James McCann,2026-09-11
"Arias, Gabriel",672356,2026,147,79,0.245,0.221,0.0239999999999999,0.374,0.373,0.001,0.288,0.275,0.0129999999999999,Gabriel Arias,2026-09-11
"Allen, Nick",669397,2026,147,107,0.275,0.225,0.05,0.359,0.281,0.0779999999999999,0.3,0.252,0.0479999999999999,Nick Allen,2026-09-11
"Robles, Victor",645302,2026,147,113,0.26,0.241,0.019,0.313,0.325,-0.012,0.287,0.283,0.004,Victor Robles,2026-09-11
"Polanco, Jorge",593871,2026,145,100,0.148,0.189,-0.041,0.23,0.284,-0.0539999999999999,0.196,0.234,-0.038,Jorge Polanco,2026-09-11
"Kepler, Max",596146,2026,145,102,0.205,0.211,-0.006,0.303,0.336,-0.033,0.25,0.27,-0.02,Max Kepler,2026-09-11
"Melendez, MJ",669004,2026,144,72,0.192,0.166,0.0259999999999999,0.35,0.317,0.0329999999999999,0.302,0.28,0.0219999999999999,MJ Melendez,2026-09-11
"Song, Sung-Mun",823550,2026,143,99,0.19,0.184,0.006,0.248,0.272,-0.024,0.252,0.256,-0.004,Sung-Mun Song,2026-09-11
"Cavanaugh, Drew",701852,2026,141,87,0.244,0.256,-0.012,0.268,0.364,-0.0959999999999999,0.277,0.316,-0.0389999999999999,Drew Cavanaugh,2026-09-11
"Correa, Carlos",621043,2026,141,97,0.279,0.289,-0.0099999999999999,0.418,0.459,-0.041,0.347,0.364,-0.017,Carlos Correa,2026-09-11
"Clark, Max",703601,2026,141,96,0.254,0.274,-0.02,0.405,0.358,0.047,0.319,0.311,0.008,Max Clark,2026-09-11
"Troy, Tommy",694371,2026,140,94,0.222,0.232,-0.01,0.357,0.4,-0.043,0.291,0.309,-0.018,Tommy Troy,2026-09-11
"Pauley, Graham",688363,2026,140,99,0.209,0.188,0.0209999999999999,0.364,0.293,0.071,0.273,0.237,0.036,Graham Pauley,2026-09-11
"Schneider, Davis",676914,2026,140,68,0.142,0.15,-0.008,0.274,0.277,-0.003,0.269,0.275,-0.006,Davis Schneider,2026-09-11
"Rivas, Leo",660844,2026,139,80,0.147,0.171,-0.024,0.19,0.232,-0.042,0.227,0.25,-0.0229999999999999,Leo Rivas,2026-09-11
"Trevino, Jose",624431,2026,139,111,0.222,0.203,0.0189999999999999,0.356,0.291,0.065,0.251,0.216,0.035,Jose Trevino,2026-09-11
"Frazier, Adam",624428,2026,137,87,0.233,0.208,0.025,0.342,0.279,0.063,0.29,0.256,0.0339999999999999,Adam Frazier,2026-09-11
"Wallner, Matt",670242,2026,135,67,0.167,0.2,-0.033,0.292,0.333,-0.041,0.253,0.281,-0.028,Matt Wallner,2026-09-11
"Tolbert, Tyler",686475,2026,134,96,0.302,0.243,0.059,0.422,0.315,0.1069999999999999,0.351,0.296,0.0549999999999999,Tyler Tolbert,2026-09-11
"Kim, Hyeseong",808975,2026,131,87,0.259,0.261,-0.002,0.328,0.341,-0.013,0.293,0.304,-0.011,Hyeseong Kim,2026-09-11
"Moncada, Yoán",660162,2026,130,66,0.189,0.169,0.0199999999999999,0.297,0.286,0.011,0.281,0.269,0.012,Yoán Moncada,2026-09-11
"Bateman, Brett",703520,2026,129,91,0.327,0.266,0.061,0.389,0.322,0.067,0.351,0.304,0.0469999999999999,Brett Bateman,2026-09-11
"Refsnyder, Rob",608701,2026,129,81,0.14,0.17,-0.03,0.254,0.316,-0.062,0.207,0.255,-0.048,Rob Refsnyder,2026-09-11
"Wade Jr., LaMonte",664774,2026,128,77,0.209,0.193,0.0159999999999999,0.336,0.298,0.038,0.3,0.278,0.0219999999999999,LaMonte Wade Jr.,2026-09-11
"Bart, Joey",663698,2026,128,78,0.214,0.203,0.0109999999999999,0.357,0.362,-0.005,0.299,0.295,0.004,Joey Bart,2026-09-11
"Taylor, Samad",669392,2026,126,75,0.312,0.257,0.0549999999999999,0.394,0.325,0.069,0.353,0.304,0.0489999999999999,Samad Taylor,2026-09-11
"Saggese, Thomas",695336,2026,125,80,0.268,0.239,0.029,0.438,0.418,0.02,0.333,0.313,0.02,Thomas Saggese,2026-09-11
"Jarvis, Jim",805347,2026,124,92,0.207,0.234,-0.027,0.297,0.304,-0.007,0.254,0.268,-0.014,Jim Jarvis,2026-09-11
"Castellanos, Nick",592206,2026,122,83,0.191,0.244,-0.0529999999999999,0.339,0.4,-0.061,0.239,0.285,-0.0459999999999999,Nick Castellanos,2026-09-11
"Thomas, Colby",687515,2026,121,79,0.202,0.182,0.02,0.333,0.357,-0.0239999999999999,0.25,0.248,0.002,Colby Thomas,2026-09-11
"Basabe, Osleivis",678545,2026,121,89,0.207,0.228,-0.021,0.36,0.35,0.01,0.272,0.277,-0.005,Osleivis Basabe,2026-09-11
"Loperfido, Joey",694388,2026,120,73,0.216,0.231,-0.015,0.333,0.337,-0.004,0.289,0.297,-0.008,Joey Loperfido,2026-09-11
"Thomas, Alek",677950,2026,120,87,0.186,0.232,-0.046,0.327,0.374,-0.0469999999999999,0.244,0.282,-0.0379999999999999,Alek Thomas,2026-09-11
"Flores Jr., Rafael",804668,2026,118,74,0.243,0.249,-0.006,0.505,0.503,0.002,0.35,0.349,0.001,Rafael Flores Jr.,2026-09-11
"Yorke, Nick",694377,2026,117,80,0.212,0.235,-0.0229999999999999,0.279,0.335,-0.0559999999999999,0.258,0.289,-0.0309999999999999,Nick Yorke,2026-09-11
"Sosa, Lenyn",672820,2026,117,90,0.195,0.222,-0.0269999999999999,0.283,0.345,-0.062,0.214,0.249,-0.035,Lenyn Sosa,2026-09-11
"Rave, John",670231,2026,116,79,0.233,0.229,0.004,0.456,0.39,0.066,0.331,0.307,0.024,John Rave,2026-09-11
"Malgeri, Ben",701162,2026,115,67,0.235,0.247,-0.012,0.357,0.346,0.011,0.315,0.317,-0.002,Ben Malgeri,2026-09-11
"Genao, Angel",694197,2026,114,90,0.245,0.248,-0.003,0.34,0.349,-0.0089999999999999,0.286,0.289,-0.003,Angel Genao,2026-09-11
"Kim, Ha-Seong",673490,2026,114,73,0.126,0.159,-0.033,0.136,0.211,-0.0749999999999999,0.172,0.214,-0.042,Ha-Seong Kim,2026-09-11
"Benson, Will",666181,2026,114,58,0.188,0.189,-0.001,0.333,0.355,-0.0219999999999999,0.29,0.3,-0.01,Will Benson,2026-09-11
"Ortiz, Abimelec",694673,2026,112,78,0.206,0.224,-0.018,0.383,0.409,-0.0259999999999999,0.271,0.287,-0.0159999999999999,Abimelec Ortiz,2026-09-11
"Culpepper, Kaelen",701785,2026,111,81,0.284,0.25,0.0339999999999999,0.422,0.377,0.0449999999999999,0.332,0.3,0.032,Kaelen Culpepper,2026-09-11
"Pereira, Everson",677592,2026,111,63,0.235,0.205,0.03,0.439,0.4,0.0389999999999999,0.327,0.299,0.028,Everson Pereira,2026-09-11
"Bader, Harrison",664056,2026,111,73,0.17,0.215,-0.0449999999999999,0.358,0.367,-0.009,0.239,0.272,-0.033,Harrison Bader,2026-09-11
"Lombard Jr., George",806146,2026,111,71,0.23,0.217,0.013,0.36,0.311,0.0489999999999999,0.286,0.268,0.0179999999999999,George Lombard Jr.,2026-09-11
"Lockridge, Brandon",663604,2026,111,68,0.273,0.216,0.057,0.313,0.262,0.0509999999999999,0.302,0.258,0.0439999999999999,Brandon Lockridge,2026-09-11
"Callihan, Tyler",682997,2026,107,59,0.211,0.185,0.0259999999999999,0.389,0.296,0.093,0.294,0.252,0.0419999999999999,Tyler Callihan,2026-09-11
"Rodríguez, Héctor",699302,2026,106,68,0.255,0.211,0.044,0.439,0.334,0.1049999999999999,0.328,0.27,0.0579999999999999,Héctor Rodríguez,2026-09-11
"Velázquez, Nelson",676369,2026,105,61,0.191,0.237,-0.0459999999999999,0.394,0.476,-0.0819999999999999,0.282,0.338,-0.056,Nelson Velázquez,2026-09-11
"Cox, Jonah",813841,2026,104,60,0.277,0.197,0.08,0.468,0.349,0.119,0.338,0.256,0.082,Jonah Cox,2026-09-11
"Rojas, Josh",668942,2026,103,82,0.24,0.186,0.0539999999999999,0.344,0.261,0.0829999999999999,0.275,0.219,0.056,Josh Rojas,2026-09-11
"Perkins, Blake",663368,2026,101,68,0.157,0.196,-0.039,0.258,0.295,-0.0369999999999999,0.236,0.264,-0.028,Blake Perkins,2026-09-11
"Lawlar, Jordan",691783,2026,99,61,0.258,0.246,0.012,0.416,0.359,0.0569999999999999,0.33,0.302,0.028,Jordan Lawlar,2026-09-11
"Ford, Harry",695670,2026,97,60,0.193,0.181,0.012,0.373,0.337,0.0359999999999999,0.307,0.289,0.018,Harry Ford,2026-09-11
"Urías, Ramón",602104,2026,97,67,0.157,0.191,-0.034,0.337,0.388,-0.0509999999999999,0.274,0.306,-0.0319999999999999,Ramón Urías,2026-09-11
"Stanton, Giancarlo",519317,2026,96,61,0.256,0.245,0.011,0.422,0.466,-0.044,0.316,0.326,-0.01,Giancarlo Stanton,2026-09-11
"Morel, Christopher",666624,2026,95,55,0.193,0.181,0.012,0.273,0.248,0.025,0.239,0.223,0.0159999999999999,Christopher Morel,2026-09-11
"Valencia, Eduardo",680664,2026,95,67,0.301,0.247,0.0539999999999999,0.581,0.497,0.0839999999999999,0.382,0.323,0.059,Eduardo Valencia,2026-09-11
"Marchán, Rafael",665561,2026,94,75,0.1,0.178,-0.0779999999999999,0.167,0.244,-0.0769999999999999,0.14,0.204,-0.0639999999999999,Rafael Marchán,2026-09-11
"Naylor, Bo",666310,2026,94,65,0.148,0.222,-0.074,0.239,0.411,-0.172,0.2,0.296,-0.0959999999999999,Bo Naylor,2026-09-11
"Freeman, Cody",683227,2026,93,71,0.256,0.189,0.067,0.329,0.244,0.085,0.295,0.234,0.0609999999999999,Cody Freeman,2026-09-11
"Bowen, Jase",687749,2026,93,53,0.161,0.208,-0.0469999999999999,0.276,0.347,-0.0709999999999999,0.215,0.262,-0.047,Jase Bowen,2026-09-11
"Báez, Joshua",695491,2026,92,55,0.238,0.212,0.0259999999999999,0.548,0.453,0.095,0.356,0.309,0.0469999999999999,Joshua Báez,2026-09-11
"Escarra, J.C.",641555,2026,92,68,0.188,0.206,-0.0179999999999999,0.271,0.308,-0.0369999999999999,0.228,0.257,-0.0289999999999999,J.C. Escarra,2026-09-11
"Shewmake, Braden",669699,2026,91,73,0.259,0.246,0.013,0.424,0.411,0.013,0.296,0.294,0.002,Braden Shewmake,2026-09-11
"Moore, Christian",695681,2026,91,55,0.181,0.201,-0.02,0.265,0.287,-0.0219999999999999,0.229,0.245,-0.0159999999999999,Christian Moore,2026-09-11
"Durán, Rodolfo",660710,2026,91,59,0.146,0.18,-0.034,0.305,0.323,-0.018,0.236,0.257,-0.021,Rodolfo Durán,2026-09-11
"Watson, Kahlil",696135,2026,91,56,0.239,0.209,0.03,0.341,0.33,0.011,0.266,0.246,0.02,Kahlil Watson,2026-09-11
"Fraley, Jake",641584,2026,90,57,0.232,0.206,0.026,0.39,0.351,0.039,0.305,0.28,0.0249999999999999,Jake Fraley,2026-09-11
"Rincones Jr., Gabriel",687282,2026,89,56,0.167,0.15,0.017,0.286,0.276,0.0099999999999999,0.215,0.205,0.01,Gabriel Rincones Jr.,2026-09-11
"Smith, Pavin",656976,2026,89,61,0.141,0.188,-0.047,0.192,0.253,-0.061,0.206,0.255,-0.049,Pavin Smith,2026-09-11
"Wynns, Austin",642851,2026,89,60,0.146,0.2,-0.054,0.183,0.29,-0.1069999999999999,0.176,0.24,-0.064,Austin Wynns,2026-09-11
"Pereda, Jhonny",640902,2026,89,65,0.28,0.309,-0.0289999999999999,0.354,0.407,-0.0529999999999999,0.311,0.342,-0.031,Jhonny Pereda,2026-09-11
"McAdoo, Charles",807727,2026,87,60,0.25,0.227,0.0229999999999999,0.35,0.327,0.0229999999999999,0.288,0.27,0.0179999999999999,Charles McAdoo,2026-09-11
"Bericoto, Victor",682674,2026,87,62,0.244,0.222,0.0219999999999999,0.419,0.445,-0.026,0.289,0.285,0.004,Victor Bericoto,2026-09-11
"Schuemann, Max",680474,2026,87,51,0.194,0.203,-0.009,0.361,0.336,0.0249999999999999,0.317,0.312,0.005,Max Schuemann,2026-09-11
"Hays, Austin",669720,2026,87,60,0.241,0.275,-0.034,0.337,0.368,-0.0309999999999999,0.259,0.286,-0.0269999999999999,Austin Hays,2026-09-11
"Teel, Kyle",691019,2026,86,45,0.192,0.221,-0.0289999999999999,0.372,0.402,-0.03,0.283,0.305,-0.022,Kyle Teel,2026-09-11
"Haase, Eric",606992,2026,84,49,0.162,0.184,-0.0219999999999999,0.365,0.36,0.005,0.264,0.271,-0.007,Eric Haase,2026-09-11
"McCutchen, Andrew",457705,2026,83,52,0.192,0.164,0.0279999999999999,0.26,0.265,-0.005,0.249,0.237,0.012,Andrew McCutchen,2026-09-11
"Kelenic, Jarred",672284,2026,83,42,0.219,0.231,-0.012,0.288,0.431,-0.143,0.279,0.331,-0.0519999999999999,Jarred Kelenic,2026-09-11
"Dezenzo, Zach",701305,2026,83,44,0.211,0.191,0.0199999999999999,0.303,0.294,0.009,0.262,0.248,0.014,Zach Dezenzo,2026-09-11
"Wiemer, Joey",686894,2026,83,41,0.286,0.217,0.0689999999999999,0.514,0.349,0.165,0.397,0.315,0.082,Joey Wiemer,2026-09-11
"Harris, Dustin",687957,2026,82,62,0.268,0.275,-0.007,0.324,0.342,-0.018,0.3,0.309,-0.009,Dustin Harris,2026-09-11
"Murphy, Sean",669221,2026,80,47,0.203,0.199,0.004,0.365,0.315,0.0499999999999999,0.277,0.256,0.021,Sean Murphy,2026-09-11
"Whitcomb, Shay",694376,2026,79,53,0.162,0.195,-0.033,0.324,0.384,-0.06,0.226,0.262,-0.036,Shay Whitcomb,2026-09-11
"Fulford, Braxton",690924,2026,79,40,0.174,0.14,0.0339999999999999,0.275,0.234,0.041,0.24,0.21,0.03,Braxton Fulford,2026-09-11
"Roden, Alan",702176,2026,79,59,0.254,0.279,-0.025,0.313,0.398,-0.085,0.294,0.342,-0.048,Alan Roden,2026-09-11
"Hill, Turner",806367,2026,78,55,0.27,0.25,0.02,0.365,0.364,0.001,0.331,0.331,0.0,Turner Hill,2026-09-11
"Thompson, Sterlin",694514,2026,77,48,0.232,0.219,0.013,0.377,0.357,0.02,0.308,0.295,0.013,Sterlin Thompson,2026-09-11
"McCray, Grant",687529,2026,77,44,0.141,0.221,-0.08,0.281,0.379,-0.0979999999999999,0.242,0.31,-0.068,Grant McCray,2026-09-11
"Brito, Juan",682877,2026,74,46,0.197,0.216,-0.0189999999999999,0.318,0.303,0.015,0.264,0.269,-0.005,Juan Brito,2026-09-11
"Slater, Austin",596103,2026,74,45,0.231,0.182,0.049,0.277,0.236,0.041,0.271,0.235,0.036,Austin Slater,2026-09-11
"Gonzalez, Romy",663853,2026,73,45,0.185,0.231,-0.046,0.308,0.335,-0.027,0.259,0.289,-0.0299999999999999,Romy Gonzalez,2026-09-11
"d'Arnaud, Travis",518595,2026,73,43,0.185,0.152,0.033,0.277,0.288,-0.0109999999999999,0.255,0.244,0.011,Travis d'Arnaud,2026-09-11
"Sánchez, Ali",645305,2026,73,48,0.235,0.235,0.0,0.309,0.288,0.021,0.254,0.246,0.008,Ali Sánchez,2026-09-11
"Clarke, Denzel",672016,2026,73,42,0.154,0.165,-0.011,0.169,0.189,-0.0199999999999999,0.182,0.194,-0.012,Denzel Clarke,2026-09-11
"Jackson, Alex",656577,2026,72,44,0.309,0.188,0.121,0.412,0.259,0.1529999999999999,0.336,0.223,0.113,Alex Jackson,2026-09-11
"Serven, Brian",661531,2026,69,48,0.212,0.232,-0.02,0.455,0.411,0.044,0.301,0.292,0.009,Brian Serven,2026-09-11
"Hernández, Enrique",571771,2026,68,41,0.222,0.211,0.011,0.413,0.354,0.059,0.302,0.275,0.0269999999999999,Enrique Hernández,2026-09-11
"Cauley, Cam",695508,2026,65,44,0.207,0.192,0.0149999999999999,0.345,0.238,0.1069999999999999,0.279,0.235,0.044,Cam Cauley,2026-09-11
"De La Cruz, Bryan",650559,2026,63,45,0.339,0.233,0.106,0.5,0.338,0.1619999999999999,0.379,0.282,0.097,Bryan De La Cruz,2026-09-11
"Kuroda-Grauer, Joshua",811965,2026,62,53,0.417,0.314,0.1029999999999999,0.583,0.414,0.1689999999999999,0.443,0.327,0.1159999999999999,Joshua Kuroda-Grauer,2026-09-11
"Short, Zack",670097,2026,62,34,0.14,0.159,-0.0189999999999999,0.18,0.269,-0.089,0.218,0.256,-0.038,Zack Short,2026-09-11
"Rodden, Brock",801126,2026,62,35,0.226,0.141,0.085,0.321,0.215,0.106,0.292,0.227,0.0649999999999999,Brock Rodden,2026-09-11
"Ward, Ryan",669899,2026,60,38,0.218,0.239,-0.0209999999999999,0.455,0.424,0.031,0.319,0.316,0.003,Ryan Ward,2026-09-11
"Espinal, Santiago",669289,2026,60,51,0.268,0.285,-0.0169999999999999,0.375,0.374,0.001,0.281,0.29,-0.0089999999999999,Santiago Espinal,2026-09-11
"Urías, Luis",649966,2026,59,43,0.25,0.237,0.013,0.481,0.351,0.13,0.345,0.299,0.0459999999999999,Luis Urías,2026-09-11
"Stubbs, Garrett",596117,2026,59,43,0.167,0.186,-0.0189999999999999,0.167,0.226,-0.059,0.184,0.212,-0.0279999999999999,Garrett Stubbs,2026-09-11
"India, Jonathan",663697,2026,58,35,0.167,0.173,-0.0059999999999999,0.313,0.289,0.024,0.291,0.284,0.007,Jonathan India,2026-09-11
"Rodriguez, Jesus",683679,2026,58,44,0.235,0.267,-0.032,0.412,0.355,0.0569999999999999,0.322,0.315,0.007,Jesus Rodriguez,2026-09-11
"Rivero, Sebastián",665861,2026,56,42,0.25,0.261,-0.011,0.288,0.304,-0.016,0.262,0.272,-0.01,Sebastián Rivero,2026-09-11
"Madrigal, Nick",663611,2026,55,44,0.255,0.221,0.034,0.277,0.271,0.006,0.303,0.284,0.019,Nick Madrigal,2026-09-11
"Teodosio, Bryce",669326,2026,54,32,0.204,0.154,0.0499999999999999,0.245,0.229,0.0159999999999999,0.235,0.206,0.0289999999999999,Bryce Teodosio,2026-09-11
"Navarreto, Brian",640459,2026,54,32,0.13,0.131,-0.001,0.239,0.185,0.0539999999999999,0.198,0.179,0.019,Brian Navarreto,2026-09-11
"Groover, LuJames",694410,2026,54,37,0.167,0.215,-0.0479999999999999,0.271,0.328,-0.0569999999999999,0.245,0.286,-0.0409999999999999,LuJames Groover,2026-09-11
"Cole, Zach",805904,2026,53,30,0.157,0.209,-0.0519999999999999,0.353,0.438,-0.085,0.234,0.289,-0.0549999999999999,Zach Cole,2026-09-11
"Wagaman, Eric",676572,2026,52,35,0.191,0.227,-0.036,0.319,0.362,-0.0429999999999999,0.266,0.296,-0.0299999999999999,Eric Wagaman,2026-09-11
"Veen, Zac",691728,2026,52,24,0.256,0.185,0.071,0.488,0.375,0.1129999999999999,0.37,0.302,0.068,Zac Veen,2026-09-11
"Cook, Billy",695257,2026,52,30,0.18,0.138,0.0419999999999999,0.24,0.181,0.059,0.202,0.161,0.041,Billy Cook,2026-09-11
"Tromp, Chadwick",644433,2026,51,38,0.163,0.174,-0.0109999999999999,0.184,0.217,-0.033,0.15,0.17,-0.02,Chadwick Tromp,2026-09-11
"Garcia, Jhostynxon",691373,2026,51,32,0.163,0.211,-0.0479999999999999,0.184,0.301,-0.1169999999999999,0.175,0.24,-0.065,Jhostynxon Garcia,2026-09-11
"Wisdom, Patrick",621550,2026,50,26,0.106,0.158,-0.052,0.191,0.359,-0.1679999999999999,0.151,0.236,-0.0849999999999999,Patrick Wisdom,2026-09-11
"Arcia, Orlando",606115,2026,50,40,0.271,0.223,0.048,0.354,0.298,0.0559999999999999,0.29,0.245,0.0449999999999999,Orlando Arcia,2026-09-11
"Pozo, Yohel",650968,2026,50,43,0.25,0.243,0.007,0.333,0.303,0.03,0.258,0.246,0.012,Yohel Pozo,2026-09-11
"Mauricio, Ronny",677595,2026,50,32,0.18,0.181,-0.001,0.26,0.299,-0.0389999999999999,0.191,0.205,-0.0139999999999999,Ronny Mauricio,2026-09-11
"Callahan, Brett",814430,2026,49,27,0.222,0.216,0.006,0.378,0.4,-0.022,0.278,0.291,-0.0129999999999999,Brett Callahan,2026-09-11
"Johnson, Bryce",669369,2026,49,28,0.178,0.147,0.031,0.222,0.166,0.0559999999999999,0.207,0.172,0.035,Bryce Johnson,2026-09-11
"Kennedy, Buddy",671083,2026,49,28,0.116,0.167,-0.051,0.14,0.264,-0.124,0.185,0.249,-0.064,Buddy Kennedy,2026-09-11
"Hinds, Rece",677956,2026,48,22,0.167,0.131,0.036,0.262,0.163,0.099,0.22,0.18,0.04,Rece Hinds,2026-09-11
"Haggerty, Sam",664059,2026,47,28,0.159,0.156,0.003,0.182,0.181,0.001,0.186,0.182,0.004,Sam Haggerty,2026-09-11
"Keys, Sean",815873,2026,46,27,0.205,0.191,0.0139999999999999,0.364,0.314,0.0499999999999999,0.263,0.236,0.027,Sean Keys,2026-09-11
"Joe, Connor",656582,2026,45,24,0.179,0.257,-0.078,0.308,0.397,-0.089,0.274,0.337,-0.063,Connor Joe,2026-09-11
"Knizner, Andrew",668800,2026,45,31,0.146,0.194,-0.048,0.268,0.299,-0.0309999999999999,0.224,0.255,-0.031,Andrew Knizner,2026-09-11
"Wagner, Will",695238,2026,45,28,0.257,0.249,0.008,0.286,0.282,0.004,0.333,0.329,0.004,Will Wagner,2026-09-11
"León, Sandy",506702,2026,44,26,0.091,0.135,-0.044,0.091,0.17,-0.079,0.081,0.132,-0.051,Sandy León,2026-09-11
"Cheng, Tsung-Che",691907,2026,44,26,0.256,0.237,0.019,0.282,0.392,-0.11,0.274,0.303,-0.0289999999999999,Tsung-Che Cheng,2026-09-11
"Misner, Kameron",670224,2026,44,25,0.22,0.185,0.035,0.244,0.242,0.002,0.227,0.209,0.018,Kameron Misner,2026-09-11
"Eaton, Nate",681987,2026,43,24,0.139,0.167,-0.0279999999999999,0.278,0.31,-0.0319999999999999,0.263,0.283,-0.0199999999999999,Nate Eaton,2026-09-11
"Locklear, Tyler",682988,2026,42,28,0.278,0.252,0.026,0.444,0.427,0.017,0.35,0.334,0.0159999999999999,Tyler Locklear,2026-09-11
"Franklin, Christian",681047,2026,42,22,0.147,0.168,-0.021,0.206,0.334,-0.128,0.258,0.306,-0.0479999999999999,Christian Franklin,2026-09-11
"Delgado, Raynel",669384,2026,41,31,0.243,0.228,0.0149999999999999,0.351,0.304,0.0469999999999999,0.291,0.265,0.0259999999999999,Raynel Delgado,2026-09-11
"Workman, Gage",669398,2026,41,24,0.171,0.222,-0.0509999999999999,0.415,0.489,-0.074,0.245,0.299,-0.0539999999999999,Gage Workman,2026-09-11
"Amador, Adael",691182,2026,41,30,0.333,0.205,0.128,0.639,0.337,0.302,0.436,0.268,0.1679999999999999,Adael Amador,2026-09-11
"Jenkins, Walker",805805,2026,41,23,0.118,0.164,-0.046,0.265,0.257,0.008,0.253,0.27,-0.017,Walker Jenkins,2026-09-11
"Spence, Lucas",828599,2026,41,22,0.162,0.177,-0.0149999999999999,0.189,0.253,-0.064,0.208,0.236,-0.0279999999999999,Lucas Spence,2026-09-11
"Williams, Carson",700246,2026,40,25,0.108,0.166,-0.058,0.216,0.28,-0.064,0.166,0.217,-0.0509999999999999,Carson Williams,2026-09-11
"Bernal, Leo",699024,2026,40,29,0.278,0.276,0.002,0.472,0.481,-0.009,0.36,0.36,0.0,Leo Bernal,2026-09-11
"Meadows, Parker",678009,2026,39,26,0.25,0.212,0.038,0.333,0.277,0.0559999999999999,0.288,0.25,0.0379999999999999,Parker Meadows,2026-09-11
"Valera, George",671655,2026,38,29,0.216,0.193,0.0229999999999999,0.297,0.232,0.0649999999999999,0.235,0.198,0.0369999999999999,George Valera,2026-09-11
"Maile, Luke",571912,2026,38,23,0.143,0.139,0.0039999999999999,0.257,0.219,0.038,0.213,0.196,0.0169999999999999,Luke Maile,2026-09-11
"Reyes, Felix",694025,2026,38,29,0.158,0.229,-0.071,0.263,0.314,-0.0509999999999999,0.181,0.233,-0.052,Felix Reyes,2026-09-11
"Perez, Junior",678577,2026,36,21,0.171,0.206,-0.0349999999999999,0.429,0.516,-0.087,0.264,0.312,-0.0479999999999999,Junior Perez,2026-09-11
"Furman, Nate",801501,2026,35,24,0.133,0.171,-0.038,0.133,0.203,-0.07,0.171,0.213,-0.0419999999999999,Nate Furman,2026-09-11
"Simon, Ronny",682927,2026,35,29,0.281,0.272,0.009,0.313,0.367,-0.0539999999999999,0.288,0.303,-0.015,Ronny Simon,2026-09-11
"Helman, Michael",680737,2026,35,26,0.167,0.147,0.02,0.3,0.208,0.092,0.239,0.2,0.0389999999999999,Michael Helman,2026-09-11
"Encarnacion, Jerar",666464,2026,35,26,0.176,0.19,-0.014,0.206,0.266,-0.06,0.183,0.21,-0.0269999999999999,Jerar Encarnacion,2026-09-11
"Jiménez, Eloy",650391,2026,35,25,0.29,0.214,0.0759999999999999,0.29,0.289,0.001,0.289,0.256,0.0329999999999999,Eloy Jiménez,2026-09-11
"Huff, Sam",669087,2026,34,14,0.121,0.099,0.0219999999999999,0.182,0.184,-0.002,0.147,0.137,0.0099999999999999,Sam Huff,2026-09-11
"McGuire, Reese",624512,2026,34,21,0.172,0.186,-0.014,0.172,0.215,-0.043,0.221,0.242,-0.0209999999999999,Reese McGuire,2026-09-11
"Stevens, Chad",677060,2026,34,16,0.036,0.117,-0.081,0.036,0.186,-0.15,0.129,0.21,-0.0809999999999999,Chad Stevens,2026-09-11
"Murray, Tanner",695020,2026,33,23,0.214,0.191,0.0229999999999999,0.321,0.39,-0.069,0.256,0.275,-0.019,Tanner Murray,2026-09-11
"Prieto, César",693409,2026,33,28,0.063,0.229,-0.166,0.063,0.344,-0.2809999999999999,0.075,0.259,-0.184,César Prieto,2026-09-11
"Higgins, P.J.",664731,2026,32,22,0.231,0.276,-0.045,0.269,0.326,-0.0569999999999999,0.245,0.287,-0.0419999999999999,P.J. Higgins,2026-09-11
"Hicklen, Brewer",676551,2026,30,14,0.333,0.242,0.091,0.5,0.362,0.138,0.427,0.346,0.081,Brewer Hicklen,2026-09-11
"Mastrobuoni, Miles",670156,2026,30,18,0.192,0.145,0.047,0.192,0.201,-0.009,0.202,0.184,0.018,Miles Mastrobuoni,2026-09-11
"Nishida, Rikuu",807747,2026,30,25,0.241,0.258,-0.017,0.241,0.306,-0.065,0.215,0.247,-0.032,Rikuu Nishida,2026-09-11
"Peck, John",807726,2026,29,18,0.24,0.241,-0.001,0.28,0.389,-0.1089999999999999,0.295,0.332,-0.037,John Peck,2026-09-11
"Alfonzo, Eliezer",672613,2026,28,25,0.179,0.211,-0.032,0.25,0.29,-0.0399999999999999,0.186,0.215,-0.0289999999999999,Eliezer Alfonzo,2026-09-11
"Toglia, Michael",669911,2026,28,14,0.115,0.183,-0.0679999999999999,0.192,0.251,-0.059,0.172,0.222,-0.05,Michael Toglia,2026-09-11
"Barger, Addison",680718,2026,28,16,0.045,0.131,-0.086,0.091,0.185,-0.094,0.17,0.255,-0.0849999999999999,Addison Barger,2026-09-11
"Rortvedt, Ben",666163,2026,28,19,0.185,0.22,-0.035,0.185,0.251,-0.066,0.165,0.204,-0.0389999999999999,Ben Rortvedt,2026-09-11
"Black, Tyler",672012,2026,28,20,0.333,0.17,0.163,0.481,0.229,0.252,0.364,0.191,0.173,Tyler Black,2026-09-11
"Alcántara, Kevin",682634,2026,28,15,0.24,0.232,0.0079999999999999,0.36,0.353,0.007,0.282,0.275,0.0069999999999999,Kevin Alcántara,2026-09-11
"Kemp, Otto",805249,2026,27,15,0.08,0.162,-0.082,0.08,0.221,-0.141,0.119,0.205,-0.086,Otto Kemp,2026-09-11
"Morabito, Nick",703492,2026,27,13,0.174,0.26,-0.086,0.217,0.313,-0.096,0.251,0.319,-0.068,Nick Morabito,2026-09-11
"Fairchild, Stuart",656413,2026,27,5,0.158,0.089,0.069,0.158,0.151,0.007,0.307,0.28,0.0269999999999999,Stuart Fairchild,2026-09-11
"Ibáñez, Andy",628451,2026,26,22,0.087,0.152,-0.065,0.087,0.205,-0.118,0.095,0.164,-0.069,Andy Ibáñez,2026-09-11
"Santana, Carlos",467793,2026,26,16,0.083,0.142,-0.0589999999999999,0.125,0.192,-0.067,0.136,0.187,-0.0509999999999999,Carlos Santana,2026-09-11
"Robinson, Chuckie",642020,2026,26,21,0.087,0.159,-0.072,0.087,0.181,-0.094,0.077,0.149,-0.072,Chuckie Robinson,2026-09-11
"Meneses, Joey",608841,2026,25,17,0.15,0.269,-0.119,0.15,0.314,-0.164,0.22,0.327,-0.107,Joey Meneses,2026-09-11
"Clase, Jonatan",682729,2026,25,14,0.273,0.171,0.102,0.545,0.267,0.278,0.39,0.247,0.143,Jonatan Clase,2026-09-11
"Pinckney, Andrew",687605,2026,25,15,0.273,0.265,0.008,0.5,0.417,0.083,0.345,0.338,0.0069999999999999,Andrew Pinckney,2026-09-11
"Kayfus, CJ",692216,2026,25,14,0.182,0.169,0.0129999999999999,0.364,0.427,-0.063,0.289,0.304,-0.015,CJ Kayfus,2026-09-11
"Cameron, Daz",663662,2026,25,18,0.208,0.245,-0.037,0.375,0.422,-0.0469999999999999,0.239,0.291,-0.0519999999999999,Daz Cameron,2026-09-11
"Jones, Greg",675659,2026,24,14,0.087,0.174,-0.087,0.087,0.205,-0.118,0.077,0.164,-0.087,Greg Jones,2026-09-11
"Ingle, Cooper",694876,2026,24,9,0.095,0.106,-0.0109999999999999,0.095,0.127,-0.032,0.161,0.175,-0.0139999999999999,Cooper Ingle,2026-09-11
"Brennan, Will",686823,2026,23,20,0.087,0.174,-0.087,0.087,0.238,-0.151,0.077,0.178,-0.1009999999999999,Will Brennan,2026-09-11
"Montes, Lazaro",703155,2026,23,10,0.227,0.19,0.037,0.545,0.463,0.082,0.341,0.289,0.052,Lazaro Montes,2026-09-11
"Salazar, César",663967,2026,22,15,0.056,0.237,-0.181,0.056,0.328,-0.272,0.169,0.328,-0.159,César Salazar,2026-09-11
"Ornelas, Jonathan",680716,2026,22,10,0.19,0.155,0.035,0.19,0.198,-0.008,0.194,0.178,0.016,Jonathan Ornelas,2026-09-11
"Matos, Luis",682641,2026,21,13,0.2,0.099,0.101,0.2,0.136,0.064,0.203,0.13,0.073,Luis Matos,2026-09-11
"Ritter, Ryan",690022,2026,21,12,0.158,0.184,-0.0259999999999999,0.158,0.241,-0.0829999999999999,0.168,0.21,-0.0419999999999999,Ryan Ritter,2026-09-11
"Stefanic, Michael",683021,2026,20,15,0.389,0.345,0.044,0.444,0.432,0.012,0.4,0.372,0.028,Michael Stefanic,2026-09-11
"Candelario, Jeimer",600869,2026,20,10,0.111,0.167,-0.056,0.222,0.213,0.009,0.198,0.218,-0.0199999999999999,Jeimer Candelario,2026-09-11
"Morales, Yohandy",691002,2026,19,11,0.316,0.238,0.078,0.737,0.549,0.1879999999999999,0.442,0.329,0.1129999999999999,Yohandy Morales,2026-09-11
"Garcia, Aramis",605244,2026,19,13,0.158,0.198,-0.04,0.316,0.415,-0.0989999999999999,0.202,0.259,-0.0569999999999999,Aramis Garcia,2026-09-11
"Fedko, Kyler",693459,2026,19,9,0.0,0.097,-0.097,0.0,0.136,-0.136,0.073,0.166,-0.093,Kyler Fedko,2026-09-11
"Johnson, Ivan",671155,2026,19,9,0.063,0.134,-0.071,0.063,0.184,-0.121,0.157,0.226,-0.069,Ivan Johnson,2026-09-11
"Azócar, José",640492,2026,18,13,0.353,0.282,0.071,0.471,0.345,0.126,0.377,0.298,0.079,José Azócar,2026-09-11
"Johnson, Daniel",669288,2026,17,11,0.143,0.28,-0.137,0.143,0.32,-0.177,0.23,0.341,-0.111,Daniel Johnson,2026-09-11
"Senger, Hayden",663584,2026,17,13,0.133,0.15,-0.0169999999999999,0.333,0.281,0.0519999999999999,0.196,0.181,0.015,Hayden Senger,2026-09-11
"Farmer, Kyle",571657,2026,16,12,0.267,0.264,0.003,0.333,0.304,0.029,0.246,0.238,0.008,Kyle Farmer,2026-09-11
"Pham, Tommy",502054,2026,15,7,0.0,0.096,-0.096,0.0,0.113,-0.113,0.047,0.132,-0.085,Tommy Pham,2026-09-11
"De Los Santos, Deyvison",691277,2026,15,11,0.267,0.187,0.08,0.4,0.276,0.124,0.287,0.2,0.0869999999999999,Deyvison De Los Santos,2026-09-11
"Velazquez, Andrew",623205,2026,15,13,0.067,0.167,-0.1,0.067,0.2,-0.133,0.059,0.16,-0.101,Andrew Velazquez,2026-09-11
"Mountcastle, Ryan",663624,2026,15,12,0.286,0.279,0.0069999999999999,0.357,0.348,0.009,0.309,0.301,0.008,Ryan Mountcastle,2026-09-11
"Moore, Dylan",664238,2026,15,6,0.0,0.096,-0.096,0.0,0.178,-0.178,0.14,0.233,-0.093,Dylan Moore,2026-09-11
"Rodríguez, Johnathan",671286,2026,15,6,0.182,0.138,0.0439999999999999,0.273,0.235,0.038,0.283,0.297,-0.014,Johnathan Rodríguez,2026-09-11
"Mancini, Trey",641820,2026,14,11,0.308,0.241,0.067,0.462,0.322,0.14,0.305,0.282,0.023,Trey Mancini,2026-09-11
"Jorge, Carlos",699115,2026,13,9,0.154,0.211,-0.0569999999999999,0.154,0.331,-0.177,0.137,0.233,-0.096,Carlos Jorge,2026-09-11
"Bruján, Vidal",660644,2026,13,11,0.091,0.164,-0.073,0.091,0.231,-0.14,0.132,0.213,-0.0809999999999999,Vidal Bruján,2026-09-11
"Price, Collin",805672,2026,13,6,0.167,0.259,-0.092,0.25,0.361,-0.1109999999999999,0.219,0.302,-0.0829999999999999,Collin Price,2026-09-11
"Salas, Ethan",806956,2026,12,7,0.0,0.099,-0.099,0.0,0.208,-0.208,0.0,0.13,-0.13,Ethan Salas,2026-09-11
"Dunn, Oliver",686554,2026,12,8,0.091,0.174,-0.0829999999999999,0.091,0.192,-0.101,0.132,0.207,-0.0749999999999999,Oliver Dunn,2026-09-11
"Campero, Gustavo",672569,2026,12,8,0.364,0.197,0.1669999999999999,0.455,0.242,0.213,0.328,0.18,0.148,Gustavo Campero,2026-09-11
"Paris, Kyren",677347,2026,11,4,0.0,0.13,-0.13,0.0,0.226,-0.226,0.127,0.25,-0.123,Kyren Paris,2026-09-11
"Harris, Brett",695391,2026,11,4,0.0,0.076,-0.076,0.0,0.09,-0.09,0.262,0.311,-0.0489999999999999,Brett Harris,2026-09-11
"Piper, Kenny",700652,2026,11,6,0.222,0.125,0.097,0.556,0.332,0.224,0.394,0.282,0.112,Kenny Piper,2026-09-11
"Cabrera, Oswaldo",665828,2026,11,7,0.0,0.158,-0.158,0.0,0.187,-0.187,0.0,0.148,-0.148,Oswaldo Cabrera,2026-09-11
"Gonzalez, Gabriel",694224,2026,11,6,0.25,0.137,0.1129999999999999,0.25,0.149,0.101,0.355,0.285,0.07,Gabriel Gonzalez,2026-09-11
"Tellez, Rowdy",642133,2026,11,7,0.2,0.339,-0.139,0.5,0.828,-0.3279999999999999,0.331,0.506,-0.175,Rowdy Tellez,2026-09-11
"Murray Jr., BJ",681230,2026,10,7,0.1,0.075,0.025,0.1,0.149,-0.0489999999999999,0.089,0.095,-0.006,BJ Murray Jr.,2026-09-11
"Bliss, Ryan",669208,2026,10,6,0.125,0.203,-0.078,0.125,0.295,-0.1699999999999999,0.159,0.27,-0.111,Ryan Bliss,2026-09-11
"Dean, Justin",681909,2026,10,4,0.375,0.266,0.1089999999999999,0.625,0.324,0.301,0.477,0.346,0.131,Justin Dean,2026-09-11
"Solak, Nick",669256,2026,10,8,0.143,0.26,-0.117,0.143,0.502,-0.359,0.232,0.373,-0.141,Nick Solak,2026-09-11
"Serna, Jared",691858,2026,10,8,0.375,0.311,0.064,0.625,0.433,0.192,0.411,0.375,0.0359999999999999,Jared Serna,2026-09-11
"Lugo, Matthew",683090,2026,9,5,0.25,0.072,0.178,0.25,0.088,0.162,0.275,0.139,0.136,Matthew Lugo,2026-09-11
"Triantos, James",701649,2026,9,6,0.125,0.098,0.0269999999999999,0.125,0.116,0.0089999999999999,0.176,0.159,0.0169999999999999,James Triantos,2026-09-11
"Jung, Jace",690291,2026,8,5,0.167,0.287,-0.1199999999999999,0.167,0.387,-0.22,0.286,0.392,-0.106,Jace Jung,2026-09-11
"Leonard, Eddys",678760,2026,8,6,0.25,0.3,-0.0499999999999999,0.375,0.386,-0.011,0.269,0.299,-0.0299999999999999,Eddys Leonard,2026-09-11
"Pache, Cristian",665506,2026,8,4,0.125,0.15,-0.0249999999999999,0.125,0.16,-0.035,0.111,0.137,-0.026,Cristian Pache,2026-09-11
"Kjerstad, Heston",677008,2026,7,6,0.143,0.248,-0.105,0.143,0.29,-0.147,0.127,0.236,-0.1089999999999999,Heston Kjerstad,2026-09-11
"Banfield, Will",677943,2026,7,5,0.143,0.165,-0.022,0.143,0.198,-0.055,0.127,0.163,-0.036,Will Banfield,2026-09-11
"Julks, Corey",667452,2026,7,6,0.286,0.172,0.1139999999999999,0.429,0.27,0.1589999999999999,0.307,0.188,0.119,Corey Julks,2026-09-11
"Berroa, Steward",672642,2026,7,3,0.143,0.226,-0.083,0.143,0.27,-0.127,0.127,0.211,-0.0839999999999999,Steward Berroa,2026-09-11
"Oliva, Jared",666931,2026,7,6,0.143,0.322,-0.179,0.143,0.379,-0.236,0.127,0.308,-0.181,Jared Oliva,2026-09-11
"Bride, Jonah",681146,2026,6,3,0.2,0.109,0.091,0.2,0.213,-0.0129999999999999,0.265,0.229,0.036,Jonah Bride,2026-09-11
"Wilson, Will",669717,2026,6,4,0.2,0.212,-0.0119999999999999,0.8,0.762,0.038,0.458,0.451,0.007,Will Wilson,2026-09-11
"Porter, Logan",682515,2026,6,2,0.25,0.269,-0.019,0.5,0.363,0.137,0.443,0.414,0.029,Logan Porter,2026-09-11
"Ross, Shawn",676566,2026,5,3,0.2,0.226,-0.0259999999999999,0.8,0.84,-0.0399999999999999,0.41,0.428,-0.018,Shawn Ross,2026-09-11
"Cruz, Trei",669360,2026,5,2,0.0,0.096,-0.096,0.0,0.127,-0.127,0.0,0.097,-0.097,Trei Cruz,2026-09-11
"Baker, Luken",663609,2026,5,2,0.2,0.132,0.068,0.2,0.15,0.05,0.178,0.123,0.0549999999999999,Luken Baker,2026-09-11
"Ross, Ben",805346,2026,4,1,0.0,0.036,-0.036,0.0,0.036,-0.036,0.0,0.033,-0.033,Ben Ross,2026-09-11
"Kingery, Scott",664068,2026,4,4,0.25,0.166,0.0839999999999999,0.25,0.19,0.06,0.223,0.156,0.067,Scott Kingery,2026-09-11
"Carlson, Dylan",666185,2026,4,2,0.0,0.067,-0.067,0.0,0.096,-0.096,0.0,0.07,-0.07,Dylan Carlson,2026-09-11
"Arroyo, Michael",703197,2026,4,2,0.0,0.005,-0.005,0.0,0.008,-0.008,0.0,0.005,-0.005,Michael Arroyo,2026-09-11
"Bae, Jihwan",678225,2026,4,2,0.5,0.193,0.307,0.5,0.195,0.305,0.54,0.361,0.179,Jihwan Bae,2026-09-11
"Wendzel, Davis",673995,2026,4,4,0.0,0.224,-0.224,0.0,0.307,-0.307,0.0,0.229,-0.229,Davis Wendzel,2026-09-11
"Martinez, Omar",683079,2026,3,2,0.333,0.116,0.217,0.333,0.136,0.197,0.297,0.111,0.186,Omar Martinez,2026-09-11
"Hunt, Blake",675448,2026,3,0,0.0,,,0.0,,,0.0,0.0,0.0,Blake Hunt,2026-09-11
"Machín, Vimael",605353,2026,3,1,0.333,0.301,0.032,0.333,0.39,-0.0569999999999999,0.297,0.297,0.0,Vimael Machín,2026-09-11
"Camargo, Jair",665856,2026,2,1,0.5,0.322,0.178,1.0,0.648,0.352,0.631,0.407,0.224,Jair Camargo,2026-09-11
"Quero, Jeferson",691620,2026,2,1,0.0,0.306,-0.306,0.0,0.355,-0.355,0.349,0.495,-0.146,Jeferson Quero,2026-09-11
"Vásquez, Randy",681190,2026,1,1,0.0,0.049,-0.049,0.0,0.05,-0.05,0.0,0.044,-0.044,Randy Vásquez,2026-09-11
"Mikolas, Miles",571945,2026,1,1,,,,,,,,,,Miles Mikolas,2026-09-11
"Handley, Maverick",668974,2026,1,0,0.0,,,0.0,,,0.0,0.0,0.0,Maverick Handley,2026-09-11
"Brannigan, Jack",687394,2026,1,0,0.0,,,0.0,,,0.0,0.0,0.0,Jack Brannigan,2026-09-11
"Siani, Michael",672279,2026,1,1,0.0,0.302,-0.302,0.0,0.353,-0.353,0.0,0.292,-0.292,Michael Siani,2026-09-11
"Williams, Luke",663897,2026,1,0,,,,,,,0.698,0.698,0.0,Luke Williams,2026-09-11
"Mederos, Victor",682989,2026,1,1,1.0,0.583,0.417,1.0,0.664,0.3359999999999999,0.89,0.543,0.347,Victor Mederos,2026-09-11
